41
79
30
34
79
51
29
75
7
99
62
90
91
3
41
6
88
50
32
32
49
41
68
44
33
70
87
52
84
82
57
23
34
91
17
2
61
7
0
67
61
51
30
2
42
92
30
17
36
72
85
63
76
53
39
97
75
67
96
65
36
59
42
1
99
60
32
81
37
1
48
25
96
62
11
41
87
77
69
94
84
5
84
70
66
47
81
25
45
7
42
0
76
10
31
42
94
34
0
90
70
48
6
65
56
96
14
58
57
12
48
84
33
22
56
35
20
24
98
23
82
91
64
80
81
19
31
59
50
79
91
98
66
78
78
53
40
41
78
86
27
43
68
54
86
68
2
4
12
62
10
14
42
59
5
88
0
4
2
47
95
42
47
19
50
29
46
36
37
73
61
50
67
44
0
32
64
98
28
81
93
87
34
10
84
13
63
79
97
98
31
9
63
60
13
8
46
40
68
95
