965
909
998
936
929
973
931
961
939
906
939
925
914
984
969
914
931
973
922
968
965
945
947
972
914
934
997
987
917
924
940
979
974
914
911
961
955
917
950
955
925
969
942
932
968
977
934
907
976
995
959
953
907
970
985
956
964
925
929
936
911
913
963
968
925
978
929
991
907
979
959
993
913
916
987
946
908
941
976
937
913
902
979
997
946
914
918
957
928
901
944
986
915
962
943
996
929
949
988
914
982
945
985
991
911
931
921
958
939
916
945
908
982
915
953
987
999
994
922
910
941
955
998
949
913
945
941
999
935
979
962
995
935
973
976
904
925
968
911
940
973
965
975
936
936
998
950
967
924
982
991
916
947
954
919
957
943
924
917
966
934
983
963
979
917
909
947
936
903
975
988
915
992
955
953
931
905
924
988
999
931
978
961
934
947
913
966
963
952
989
959
926
956
960
911
954
982
960
901
913
