174
179
161
167
142
101
177
176
140
147
150
145
194
172
133
170
103
129
162
159
103
131
186
148
113
159
161
172
145
127
120
134
157
103
163
167
161
194
177
135
178
160
148
194
128
106
185
115
108
128
129
133
197
170
170
151
127
153
129
110
142
166
136
136
129
114
121
128
162
193
197
149
183
129
129
114
196
154
130
100
177
132
184
159
151
197
133
182
109
114
182
124
199
148
180
110
131
116
121
135
125
117
131
129
135
175
179
167
115
169
131
192
116
195
131
144
156
180
170
126
177
199
118
109
114
101
137
158
105
193
160
168
133
140
197
125
103
164
154
169
159
164
190
194
104
157
117
195
110
144
159
185
167
173
170
163
132
164
155
185
199
194
192
113
138
107
185
191
104
123
157
172
184
175
149
106
158
127
131
151
130
122
181
147
176
150
173
155
106
185
196
112
101
141
179
121
179
121
106
155
