274
273
272
231
283
294
263
279
296
236
274
206
285
289
257
263
209
239
219
264
271
292
267
278
262
275
213
242
218
277
213
262
239
202
287
225
286
235
290
299
202
281
281
225
228
291
285
226
211
268
288
287
246
200
203
201
290
223
246
264
283
289
234
254
283
260
292
250
254
291
288
213
236
204
209
233
263
234
263
217
257
293
225
247
206
222
263
259
234
263
227
229
285
240
227
268
217
269
234
211
218
208
228
235
214
223
297
285
217
291
219
296
292
277
232
285
267
219
217
201
246
292
279
240
219
292
296
276
207
226
241
208
284
267
267
282
281
223
205
207
282
266
271
238
212
246
208
258
269
261
235
210
257
239
229
296
224
208
232
243
256
231
287
227
251
251
237
289
258
228
209
291
240
225
252
245
282
276
278
239
222
226
278
237
239
279
244
242
293
214
266
208
292
223
253
295
250
286
247
216
