318
360
327
353
301
309
360
341
350
350
329
327
379
369
373
322
318
358
355
342
328
367
337
393
393
358
309
327
388
394
325
352
392
308
397
340
353
389
374
385
392
322
373
328
357
397
321
326
331
352
390
349
327
395
351
376
343
354
337
395
326
365
317
376
372
357
304
392
311
352
373
307
326
320
344
352
351
356
391
375
388
352
346
344
379
388
325
349
354
354
385
320
354
369
359
364
335
337
304
363
335
365
373
338
332
362
329
346
358
395
385
320
368
359
396
334
365
330
302
335
321
380
336
385
345
302
323
321
346
394
317
328
385
379
350
392
334
350
340
387
317
372
366
389
346
375
319
349
305
355
391
370
360
351
372
360
346
369
383
381
326
373
339
335
300
329
378
380
393
385
351
330
317
382
387
317
306
316
332
326
304
347
369
309
348
374
379
351
374
336
391
330
363
345
328
335
361
311
376
383
