429
492
435
409
455
402
470
451
465
475
405
498
466
454
489
455
472
486
439
453
450
452
481
422
419
475
478
460
417
410
455
431
494
476
423
471
440
426
419
437
432
416
443
419
408
422
432
458
465
440
406
419
456
429
459
478
491
498
463
439
453
410
491
498
490
497
425
423
480
438
490
451
434
474
467
402
471
448
430
486
416
410
461
496
496
438
421
487
457
426
452
458
439
418
481
411
437
433
442
427
497
470
419
430
499
477
466
432
488
409
471
433
459
449
406
441
470
487
445
461
407
402
430
489
404
491
445
479
454
458
421
457
419
435
492
459
463
470
402
480
434
429
432
467
460
437
401
497
497
485
426
438
496
447
452
426
410
471
486
463
409
461
419
469
415
447
441
470
450
401
488
499
437
438
474
471
432
476
419
479
451
463
457
439
489
495
482
441
436
417
423
476
468
453
473
456
440
405
423
497
