544
587
592
596
544
530
563
582
558
583
549
525
568
581
588
516
593
589
552
584
505
540
563
549
556
570
545
598
539
507
529
543
507
569
585
515
590
599
526
592
534
568
559
557
593
556
548
519
555
563
548
543
502
548
516
563
564
594
523
544
532
528
546
521
582
588
529
546
509
518
520
528
574
532
505
509
599
555
535
524
552
584
529
555
554
520
557
529
566
545
590
563
508
571
541
538
536
512
591
585
550
581
534
538
595
530
534
569
560
569
530
548
520
543
576
578
502
531
550
585
587
569
512
556
597
589
531
518
563
539
591
510
508
574
578
512
548
523
568
549
566
577
596
519
593
515
529
573
502
511
507
522
570
582
576
557
574
521
534
566
567
563
579
531
573
548
556
566
503
535
580
523
584
599
564
542
565
517
557
531
527
502
522
590
594
530
528
565
557
570
545
521
525
562
519
574
563
504
590
540
