667
665
690
613
675
621
691
613
686
675
692
695
601
648
658
621
600
626
636
614
683
633
672
673
651
637
679
677
686
629
601
638
650
687
679
604
669
680
629
637
626
619
640
622
688
674
680
667
616
630
668
692
650
697
659
697
661
649
619
676
612
651
617
670
604
605
619
680
651
637
626
654
627
656
621
667
625
624
639
603
686
683
649
617
688
672
675
643
686
687
697
636
633
625
660
694
631
614
615
699
673
667
649
655
620
660
615
606
609
623
619
696
616
668
625
603
683
680
676
638
600
699
640
666
676
681
665
642
652
650
626
601
673
671
624
674
676
607
656
642
689
674
644
656
697
613
667
638
692
643
628
695
633
637
603
679
629
618
683
648
670
677
651
622
604
671
642
630
695
624
683
611
680
630
621
631
662
646
684
682
681
684
623
613
686
635
655
642
647
602
626
690
611
645
626
671
629
667
616
657
