741
796
787
778
777
749
781
759
719
757
703
727
774
733
724
745
768
764
750
743
774
716
722
745
737
705
733
717
713
739
701
762
732
793
764
723
784
755
723
789
731
788
771
713
788
717
788
725
779
787
722
729
797
715
749
706
749
785
762
703
784
751
703
708
708
796
725
748
733
701
776
742
705
782
777
788
764
734
745
737
776
742
772
762
759
797
742
736
753
795
789
708
746
762
753
727
796
737
793
721
724
796
780
729
770
743
787
794
707
739
781
756
735
732
706
738
741
745
787
779
739
768
758
701
709
775
753
799
789
798
725
726
761
738
732
723
785
757
765
707
760
791
756
788
706
741
789
704
777
724
759
755
756
750
758
762
786
778
798
795
719
794
735
789
749
742
786
778
786
795
754
752
734
718
759
785
725
780
700
705
730
799
724
762
711
739
796
772
792
762
756
779
796
762
792
786
768
721
766
730
