834
879
838
806
839
868
891
861
822
801
867
881
828
837
824
892
845
857
861
870
804
881
867
804
889
837
869
872
849
867
842
854
856
874
868
840
856
820
862
826
826
817
891
884
854
856
830
897
873
852
863
882
811
848
876
880
827
847
857
870
810
800
846
820
887
801
866
837
838
899
809
812
860
842
812
811
807
875
821
824
840
832
859
861
837
800
823
898
810
884
844
815
807
838
810
801
824
868
897
849
887
803
857
824
899
897
838
836
873
853
815
883
807
823
853
824
847
855
822
895
889
880
860
874
844
885
894
830
813
827
800
822
856
840
867
863
892
891
852
825
849
852
889
825
818
883
842
876
869
825
869
811
876
879
849
813
806
852
837
891
890
806
833
879
876
825
892
897
841
824
808
863
890
893
815
855
894
859
823
871
853
842
893
844
884
860
815
816
842
896
895
847
830
856
856
841
896
879
847
843
