477
550
865
742
780
90
833
757
408
432
422
415
93
57
377
340
697
325
666
776
320
671
67
837
807
291
70
646
882
182
231
410
794
850
541
515
622
853
74
811
378
61
769
651
797
178
935
143
828
247
930
976
596
439
894
927
109
184
310
211
825
903
416
696
20
968
833
124
334
15
144
983
531
656
55
702
36
447
331
468
487
573
324
54
425
73
592
289
227
654
427
371
442
102
161
642
344
227
659
205
993
213
552
485
704
998
251
647
63
590
738
353
54
35
911
382
634
616
407
736
279
713
935
681
440
376
423
158
11
168
623
89
122
980
485
633
603
450
817
200
74
737
544
945
564
844
612
859
700
954
333
191
699
819
200
50
32
450
845
599
343
626
383
700
614
406
541
495
722
728
413
14
568
269
272
32
119
108
513
498
795
441
207
586
93
555
577
889
29
398
473
361
994
581
577
276
712
856
386
300
40
885
412
260
397
814
656
738
706
912
633
207
146
443
344
357
303
362
143
228
244
689
229
128
446
286
184
619
685
662
185
482
456
965
761
311
214
200
570
843
321
67
752
613
789
874
910
28
423
118
756
13
664
991
174
601
857
272
337
997
392
35
718
975
648
2
705
891
183
455
771
552
40
65
10
33
929
244
835
3
136
123
230
728
174
628
120
118
869
344
630
352
78
797
149
358
595
290
502
787
515
759
550
659
739
871
92
479
618
867
708
319
589
212
481
738
641
676
783
469
696
337
933
494
690
431
545
139
12
265
358
924
326
852
25
522
879
560
1
570
467
580
213
770
12
293
263
759
774
650
70
889
652
567
585
491
849
548
103
843
89
786
644
938
134
929
158
240
118
633
606
23
33
755
409
666
96
354
414
947
233
964
130
710
423
511
503
173
454
386
11
632
845
689
445
40
36
460
66
769
109
749
941
98
991
684
286
530
69
545
321
873
637
844
591
32
724
244
322
870
886
59
833
744
964
843
820
51
230
23
241
417
64
672
876
678
338
915
910
670
462
131
788
62
518
80
169
747
342
99
798
338
845
796
717
157
601
67
21
351
280
648
335
509
147
231
479
848
213
787
726
347
289
126
892
301
705
706
563
812
987
95
895
807
542
986
418
965
794
670
204
127
774
777
343
839
459
302
96
564
917
738
761
563
729
733
580
203
130
927
906
477
694
813
74
311
773
199
781
683
66
623
853
304
202
423
534
189
562
47
901
821
901
858
909
996
874
981
856
740
940
35
683
700
563
688
434
510
48
920
698
667
229
226
405
414
59
838
816
34
533
944
89
400
26
57
708
713
520
601
709
716
739
803
127
508
998
876
835
625
536
65
45
474
383
412
472
444
563
610
977
722
792
949
136
625
479
881
147
158
295
317
734
454
613
280
229
489
754
822
690
316
787
557
985
450
348
312
24
95
902
391
548
329
752
153
175
403
33
647
430
743
611
270
391
551
683
369
967
183
773
577
81
35
373
418
11
201
464
99
475
435
865
993
175
443
303
232
313
763
76
824
945
56
544
848
604
234
275
793
803
299
58
121
446
209
425
651
407
930
415
864
12
595
575
524
84
333
715
495
834
780
35
830
311
213
522
653
754
156
33
548
403
295
469
251
989
419
572
603
817
25
309
883
943
996
621
723
824
577
478
17
935
299
2
630
221
531
661
883
68
793
752
701
563
625
250
947
952
828
57
56
685
154
302
921
593
257
231
916
286
789
510
450
986
156
382
796
359
157
317
654
774
444
933
74
537
988
893
771
333
74
965
372
54
657
423
157
388
808
8
937
460
612
597
663
153
971
571
67
929
502
399
105
340
434
876
101
735
764
738
105
799
870
219
508
465
411
474
564
319
10
309
792
228
882
201
476
72
723
12
33
391
692
21
976
307
855
903
859
82
997
21
593
643
447
392
828
858
26
364
553
283
862
9
987
323
292
908
580
881
673
693
249
860
163
740
72
502
270
893
345
726
796
306
942
588
623
752
792
813
4
937
184
54
574
488
431
85
156
244
315
674
64
556
478
829
333
832
916
258
148
56
321
119
211
958
420
94
899
486
100
261
924
750
718
779
951
192
232
133
576
724
109
646
101
394
245
86
672
630
521
305
829
844
648
864
16
347
576
517
894
742
636
719
294
293
654
854
5
218
242
496
458
559
351
18
724
437
171
714
126
72
289
433
644
814
26
990
254
214
133
542
206
197
700
455
30
163
301
875
843
973
505
835
992
75
461
657
769
361
194
183
469
963
867
949
686
738
370
581
505
891
168
635
556
567
576
121
1
498
663
362
285
424
373
179
345
990
617
395
29
304
865
880
91
349
952
103
64
220
153
427
834
738
58
146
212
735
379
442
579
809
977
459
148
361
132
998
541
193
793
691
572
22
84
545
384
347
503
549
66
163
831
862
743
384
177
615
597
777
25
963
799
925
426
55
687
287
919
817
688
98
196
927
573
275
10
346
992
726
101
698
819
1
980
170
221
861
53
763
97
210
738
687
953
498
492
300
651
6
378
433
437
820
190
548
338
330
996
505
177
476
184
920
902
738
155
493
999
53
417
955
925
952
283
818
781
987
228
580
410
554
106
960
473
964
514
974
225
71
808
98
564
129
418
179
447
18
528
587
570
293
603
920
764
589
55
897
462
900
278
277
10
743
178
308
640
605
294
545
548
550
825
703
496
792
297
737
330
845
752
150
9
209
942
865
753
143
506
30
753
298
38
593
485
273
390
241
685
52
36
297
401
651
836
566
879
286
551
324
123
727
558
12
498
372
13
904
346
128
233
960
97
89
943
644
137
660
683
65
837
612
466
985
643
362
644
427
950
815
833
81
686
196
695
16
654
474
621
947
435
214
848
112
300
996
247
756
665
452
572
546
52
378
938
702
150
439
614
496
728
573
627
300
464
288
134
119
852
824
579
148
926
403
233
139
875
616
217
531
257
429
582
567
981
258
209
444
831
638
253
475
547
711
665
297
716
104
783
19
710
482
273
991
720
237
403
982
205
88
824
430
894
388
404
76
429
486
323
863
64
860
453
415
920
279
223
315
102
326
175
226
737
195
676
818
134
871
791
285
476
320
266
953
898
795
339
78
360
277
316
266
983
563
235
384
382
721
385
448
610
231
490
487
857
32
856
159
595
692
451
874
725
366
265
496
875
903
702
664
505
761
520
210
455
40
498
683
7
706
427
586
188
544
610
767
505
460
281
339
914
354
571
299
907
51
394
166
612
565
697
982
821
606
147
43
92
959
463
395
480
310
465
94
904
779
277
533
950
940
34
122
481
284
297
723
531
526
161
512
185
503
481
948
896
577
881
281
498
764
101
844
756
320
982
455
683
549
159
181
899
739
529
864
956
726
707
230
617
593
538
858
438
811
577
359
557
230
117
584
933
348
512
146
8
468
568
811
400
3
427
939
797
22
313
584
549
259
445
897
160
664
497
16
255
27
542
522
377
144
549
27
826
225
629
258
944
912
881
892
907
55
197
148
816
273
893
728
682
681
82
510
334
208
378
438
449
148
867
401
672
588
931
919
459
744
47
823
55
45
830
607
584
575
826
315
607
470
898
898
925
291
447
60
780
164
577
911
254
979
188
337
213
421
789
96
86
982
779
461
411
977
628
431
539
765
125
956
383
716
141
578
452
77
150
276
705
97
121
936
92
355
198
461
29
840
709
42
582
133
60
969
205
520
405
154
968
983
674
156
940
253
536
590
642
139
14
836
407
19
440
885
766
415
284
913
804
544
872
616
935
539
150
438
676
5
62
498
292
808
54
317
602
293
224
768
731
641
224
727
554
61
89
770
856
229
747
529
941
154
338
551
685
498
542
160
546
157
915
28
449
307
340
174
628
129
433
325
380
243
690
977
904
299
487
274
326
743
38
34
949
809
287
187
253
184
31
43
467
787
392
876
845
798
649
800
78
213
7
953
519
893
888
327
459
186
263
634
140
331
353
223
655
850
131
400
993
823
382
700
773
308
416
286
467
851
0
832
902
116
270
848
826
915
789
723
727
542
253
358
983
788
289
76
856
384
746
362
311
445
502
510
218
68
897
797
639
392
990
931
958
699
850
366
879
513
453
283
770
986
757
330
394
613
329
382
460
400
0
420
498
893
267
709
262
38
789
950
429
96
966
557
491
677
654
414
892
459
532
91
990
99
507
402
361
412
230
472
343
6
216
699
926
698
450
694
63
438
434
701
338
583
884
344
480
879
992
829
12
846
848
926
719
556
187
425
864
796
811
230
644
156
880
355
911
170
815
347
463
657
762
582
456
801
445
738
626
716
250
23
660
780
874
943
491
50
961
420
43
705
700
268
664
921
218
368
337
448
444
50
106
514
315
685
93
665
668
462
381
289
666
967
902
794
952
61
916
240
961
775
854
63
502
855
422
231
843
341
9
71
887
487
733
414
535
645
628
781
454
768
556
945
114
211
472
140
757
217
198
27
134
46
461
130
141
770
539
819
864
784
945
461
164
412
356
545
987
139
129
120
230
469
980
289
119
285
156
446
198
121
679
966
886
788
653
318
683
81
891
