9877
9072
9893
9543
9937
9201
9739
9644
9958
9586
9096
9146
9194
9468
9888
9344
9348
9048
9045
9240
9264
9873
9453
9771
9695
9803
9391
9058
9851
9092
9903
9514
9296
9453
9969
9691
9917
9796
9090
9725
9866
9202
9377
9384
9324
9588
9981
9294
9764
9368
9096
9271
9045
9142
9929
9089
9060
9872
9824
9474
9322
9152
9866
9300
9181
9964
9532
9691
9061
9512
9108
9758
9682
9305
9242
9167
9562
9697
9542
9441
9872
9772
9820
9877
9104
9782
9298
9241
9679
9063
9018
9878
9160
9636
9266
9172
9169
9018
9649
9708
9980
9425
9556
9457
9113
9868
9047
9732
9289
9297
9311
9419
9501
9617
9139
9630
9621
9157
9123
9598
9636
9346
9865
9073
9113
9331
9380
9422
9464
9323
9796
9417
9623
9803
9039
9580
9813
9902
9946
9803
9260
9102
9555
9378
9727
9402
9779
9165
9383
9559
9129
9507
9288
9128
9594
9712
9576
9979
9348
9550
9191
9377
9625
9488
9977
9906
9410
9634
9977
9123
9465
9568
9624
9157
9568
9785
9595
9859
9079
9951
9306
9360
9056
9502
9357
9770
9520
9911
9401
9895
9806
9737
9120
9602
9341
9170
9343
9882
9318
9863
9760
9920
9295
9230
9792
9786
9536
9804
9123
9569
9684
9208
9675
9395
9956
9986
9312
9654
9831
9410
9809
9698
9694
9737
9417
9962
9155
9222
9756
9271
9458
9919
9704
9240
9928
9873
9329
9137
9912
9679
9781
9351
9093
9475
9926
9054
9665
9172
9125
9160
9987
9028
9188
9970
9399
9292
9404
9460
9336
9766
9701
9252
9313
9399
9580
9840
9113
9903
9526
9342
9916
9926
9411
9370
9030
9981
9966
9428
9810
9494
9945
9290
9745
9297
9773
9473
9318
9069
9350
9484
9870
9079
9269
9151
9710
9361
9472
9563
9012
9034
9404
9213
9479
9718
9979
9533
9435
9010
9280
9688
9012
9686
9982
9003
9852
9687
9497
9957
9695
9064
9980
9783
9907
9188
9833
9034
9646
9883
9096
9517
9840
9327
9399
9890
9567
9873
9951
9028
9808
9717
9215
9063
9731
9215
9849
9692
9016
9832
9603
9704
9878
9537
9944
9416
9443
9874
9701
9218
9797
9832
9368
9987
9726
9065
9714
9985
9046
9485
9373
9676
9122
9947
9816
9278
9195
9084
9039
9091
9842
9529
9967
9831
9967
9700
9728
9155
9208
9541
9228
9628
9542
9860
9620
9296
9772
9325
9473
9493
9993
9133
9055
9360
9068
9903
9078
9575
9847
9116
9682
9452
9501
9269
9059
9926
9821
9758
9215
9861
9160
9952
9378
9594
9311
9251
9344
9001
9037
9983
9889
9020
9435
9141
9515
9925
9891
9247
9510
9871
9765
9416
9808
9545
9557
9705
9840
9137
9997
9121
9872
9657
9686
9616
9332
9513
9858
9409
9896
9385
9117
9282
9118
9080
9122
9793
9435
9206
9906
9437
9651
9954
9831
9093
9283
9825
9526
9489
9317
9252
9619
9555
9769
9916
9598
9497
9190
9109
9516
9963
9192
9340
9201
9267
9779
9054
9304
9109
9469
9063
9885
9165
9714
9628
9697
9512
9145
9469
9405
9448
9020
9466
9306
9031
9205
9505
9789
9375
9427
9386
9600
9211
9828
9087
9003
9942
9388
9515
9026
9286
9916
9421
9144
9500
9718
9625
9449
9323
9077
9595
9469
9491
9137
9665
9152
9161
9303
9661
9430
9533
9856
9595
9156
9727
9968
9149
9761
9294
9526
9513
9780
9695
9388
9435
9311
9766
9508
9628
9753
9564
9810
9335
9098
9086
9993
9628
9399
9397
9445
9787
9597
9391
9464
9134
9194
9466
9472
9299
9175
9528
9381
9101
9778
9324
9760
9134
9799
9543
9263
9771
9254
9118
9086
9980
9873
9044
9647
9638
9116
9864
9898
9399
9271
9059
9927
9622
9287
9920
9736
9868
9168
9384
9380
9123
9071
9649
9942
9481
9547
9586
9076
9072
9916
9429
9235
9630
9580
9138
9720
9892
9627
9492
9938
9758
9406
9107
9059
9502
9471
9781
9476
9324
9359
9609
9792
9942
9456
9058
9505
9208
9992
9628
9247
9577
9959
9806
9511
9202
9665
9060
9224
9547
9583
9791
9281
9123
9256
9579
9293
9307
9262
9054
9873
9216
9835
9056
9116
9612
9873
9723
9613
9536
9968
9504
9531
9208
9931
9267
9557
9067
9532
9101
9674
9805
9150
9788
9834
9515
9241
9449
9804
9482
9111
9269
9249
9140
9141
9097
9093
9456
9126
9840
9814
9436
9529
9643
9348
9082
9539
9818
9865
9685
9935
9714
9450
9463
9826
9031
9819
9576
9475
9303
9481
9533
9439
9504
9281
9554
9531
9199
9262
9557
9210
9838
9648
9601
9527
9993
9463
9355
9508
9430
9966
9645
9176
9366
9197
9437
9976
9876
9671
9817
9852
9665
9843
9913
9754
9202
9277
9736
9264
9639
9268
9905
9314
9320
9191
9714
9700
9366
9160
9247
9546
9691
9778
9102
9787
9647
9175
9747
9755
9536
9146
9248
9367
9661
9156
9874
9996
9447
9930
9338
9432
9204
9643
9198
9370
9034
9583
9204
9406
9813
9946
9770
9096
9277
9512
9037
9370
9942
9483
9429
9097
9597
9616
9233
9817
9660
9952
9996
9320
9987
9362
9563
9328
9740
9461
9201
9222
9152
9548
9410
9976
9306
9106
9280
9036
9624
9260
9741
9531
9258
9702
9014
9628
9825
9269
9904
9925
9573
9948
9099
9108
9466
9131
9359
9627
9256
9537
9518
9162
9350
9674
9640
9182
9379
9963
9085
9264
9128
9274
9235
9065
9493
9699
9828
9761
9671
9685
9082
9599
9058
9644
9714
9298
9353
9223
9635
9749
9087
9889
9505
9969
9497
9853
9827
9629
9546
9866
9173
9297
9306
9678
9322
9720
9380
9263
9905
9660
9011
9188
9763
9267
9792
9259
9815
9878
9722
9011
9082
9939
9995
9993
9422
9024
9307
9185
9126
9896
9692
9122
9291
9291
9369
9340
9702
9741
9475
9085
9139
9728
9057
9406
9758
9581
9363
9069
9876
9830
9795
9204
9617
9151
9977
9366
9201
9627
9146
9522
9581
9315
9348
9360
9613
9361
9761
9248
9892
9571
9453
9386
9172
9739
9677
9720
9199
9074
9750
9135
9255
9813
9271
9161
9997
9367
9568
9254
9374
9761
9865
9200
9117
9979
9109
9700
9834
9891
9703
9209
9296
9693
9606
9929
9803
9619
9621
9313
9191
9907
9516
9036
9982
9986
9368
9878
9278
9838
9436
9572
9957
9498
9409
9345
9289
9250
9946
9978
9560
9470
9981
9923
9833
9212
9030
9411
9774
9382
9790
9698
9927
9570
9771
9292
9499
9432
9821
9541
9365
9030
9477
9883
9017
9199
9961
9107
9178
9795
9056
9348
9017
9864
9983
9408
9372
9758
9469
9249
9264
9520
9394
9128
9108
9037
9134
9680
9485
9270
9273
9138
9831
9307
9687
9985
9775
9719
9381
9901
9570
9154
9197
9293
9056
9836
9177
9629
9227
9182
9064
9479
9718
9997
9442
9366
9428
9800
9010
9998
9439
9025
9871
9968
9553
9152
9926
9681
9874
9571
9608
9953
9750
9930
9108
9857
9042
9134
9233
9125
9635
9234
9257
9290
9404
9169
9645
9009
9402
9751
9801
9073
9117
9532
9436
9691
9877
9451
9327
9671
9926
9889
9135
9636
9602
9472
9185
9676
9626
9283
9137
9781
9448
9908
9966
9548
9492
9401
9469
9605
9473
9013
9625
9341
9764
9195
9172
9400
9976
9366
9373
9950
9520
9931
9422
9665
9994
9720
9976
9850
9140
9982
9261
9825
9999
9777
9778
9234
9572
9872
9783
9332
9311
9264
9573
9598
9591
9283
9347
9875
9302
9814
9572
9660
9515
9928
9672
9476
9434
9342
9381
9255
9557
9939
9459
9331
9385
9301
9969
9513
9472
9667
9103
9773
9638
9786
9649
9144
9498
9863
9100
9327
9355
9534
9080
9372
9212
9937
9906
9250
9598
9333
9957
9751
9896
9182
9452
9186
9157
9819
9311
9987
9291
9756
9880
9162
9443
9960
9849
9807
9450
9187
9979
9089
9019
9588
9045
9770
9806
9284
9912
9279
9553
9442
9107
9294
9610
9156
9503
9728
9190
9824
9049
9669
9265
9449
9879
9863
9666
9005
9913
9951
9738
9955
9494
9268
9266
9082
9960
9658
9366
9364
9325
9926
9193
9929
9970
9480
9654
9776
9422
9857
9776
9208
9849
9780
9191
9845
9703
9625
9136
9639
9869
9716
9663
9732
9799
9517
9555
9045
9843
9528
9151
9317
9478
9172
9545
9446
9664
9401
9648
9438
9566
9178
9743
9663
9093
9482
9456
9757
9358
9924
9407
9392
9362
9482
9044
9241
9995
9711
9124
9641
9324
9992
9933
9484
9358
9916
9940
9085
9512
9229
9077
9987
9531
9711
9358
9241
9135
9877
9856
9284
9958
9275
9371
9197
9603
9493
9278
9758
9317
9575
9855
9641
9790
9774
9181
9372
9762
9403
9527
9713
9575
9464
9648
9818
9248
9067
9802
9897
9685
9095
9556
9742
9531
9986
9714
9226
9572
9778
9912
9903
9530
9256
9858
9258
9309
9974
9650
9001
9262
9108
9063
9719
9519
9502
9382
9815
9770
9066
9664
9885
9083
9598
9592
9175
9322
9582
9319
9810
9841
9635
9246
9249
9214
9455
9399
9624
9917
9596
9856
9872
9774
9156
9566
9859
9606
9036
9042
9902
9692
9170
9114
9551
9283
9517
9519
9292
9015
9611
9861
9394
9886
9125
9693
9903
9716
9375
9363
9759
9506
9828
9236
9251
9885
9031
9961
9993
9791
9308
9128
9892
9804
9828
9109
9691
9338
9959
9085
9743
9629
9532
9370
9734
9079
9124
9384
9094
9425
9637
9122
9371
9897
9106
9130
9680
9488
9984
9764
9276
9998
9091
9493
9188
9483
9766
9325
9423
9933
9602
9270
9591
9986
9286
9376
9834
9169
9085
9075
9080
9225
9733
9408
9479
9805
9171
9285
9315
9762
9979
9163
9761
9383
9909
9108
9842
9976
9532
9950
9085
9823
9761
9351
9293
9783
9588
9501
9962
9790
9490
9595
9939
9679
9722
9417
9705
9049
9609
9113
9318
9872
9389
9849
9932
9430
9591
9290
9523
9765
9977
9916
9186
9979
9471
9108
9295
9899
9907
9163
9513
9412
9240
9644
9634
9064
9360
9857
9563
9547
9745
9706
9095
9958
9818
9780
9001
9911
9419
9834
9962
9471
9602
9859
9562
9176
9866
9871
9840
9000
9518
9487
9253
9366
9732
9896
9890
9464
9412
9228
9057
9894
9199
9733
9441
9951
9733
9855
9604
9791
9302
9425
9243
9497
9586
9999
9985
9495
9965
9535
9916
9843
9946
9221
9400
9312
9048
9886
9053
9658
9506
9101
9113
9199
9720
9670
9905
9576
9282
9117
9088
9712
9909
9138
9402
9905
9278
9987
9338
9765
9356
9117
9248
9607
9074
9201
9854
9678
9906
9759
9537
9499
9117
9522
9837
9392
9406
9264
9289
9765
9750
9819
9962
9544
9058
9513
9220
9976
9722
9309
9243
9327
9883
9351
9415
9433
9051
9295
9157
9053
9764
9409
9770
9359
9745
9461
9610
9735
9486
9167
9663
9186
9661
9710
9990
9970
9771
9834
9732
9013
9049
9719
9134
9311
9277
9697
9093
9757
9753
9187
9471
9439
9635
9367
9666
9361
9868
9860
9484
9263
9909
9503
9047
9610
9522
9296
9280
9323
9642
9867
9822
9690
9447
9998
9551
9835
9264
9909
9462
9510
9799
9064
9345
9058
9116
9590
9615
9814
9895
9793
9999
9075
9245
9365
9715
9153
9514
9462
9132
9109
9525
9261
9942
9308
9401
9798
9996
9070
9087
9226
9215
9105
9241
9132
9807
9233
9002
9489
9628
9594
9689
9393
9478
9106
9468
9541
9297
9061
9168
9524
9285
9949
9111
9718
9673
9774
9211
9692
9359
9580
9862
9673
9619
9930
9468
9617
9997
9600
9000
9317
9654
9432
9243
9656
9927
9597
9924
9114
9204
9544
9937
9398
9408
9040
9539
9649
9482
9941
9376
9018
9205
9874
9465
9240
9758
9700
9708
9733
9246
9811
9748
9797
9167
9749
9284
9018
9572
9841
9355
9000
9673
9446
9104
9224
9745
9729
9727
9171
9902
9749
9964
9045
9218
9882
9188
9411
9013
9252
9508
9114
9936
9671
9793
9998
9109
9332
9805
9155
9250
9499
9531
9060
9602
9981
9402
9085
9467
9380
9014
9191
9791
9593
9844
9464
9330
9658
9931
9133
9658
9430
9480
9581
9741
9246
9586
9618
9212
9674
9749
9735
9268
9061
9514
9737
9485
9399
