1269
1182
1479
1318
1194
1153
1583
1925
1419
1337
1359
1391
1514
1175
1327
1488
1332
1105
1834
1783
1251
1734
1297
1869
1199
1572
1891
1255
1815
1667
1321
1793
1389
1789
1149
1185
1976
1965
1843
1181
1227
1770
1944
1411
1394
1030
1311
1851
1253
1751
1771
1954
1989
1449
1030
1846
1148
1277
1311
1113
1897
1155
1938
1364
1240
1895
1098
1025
1120
1859
1890
1453
1286
1921
1065
1160
1696
1355
1131
1762
1132
1609
1092
1596
1149
1926
1615
1216
1615
1584
1949
1023
1314
1514
1809
1981
1203
1432
1152
1322
1417
1093
1319
1423
1210
1964
1660
1827
1486
1066
1854
1050
1739
1828
1785
1033
1647
1035
1089
1296
1821
1248
1840
1772
1030
1669
1506
1624
1240
1522
1029
1767
1197
1281
1519
1209
1698
1255
1184
1488
1008
1935
1054
1285
1952
1548
1822
1444
1406
1722
1720
1193
1128
1154
1028
1741
1200
1193
1353
1977
1021
1491
1077
1557
1696
1777
1886
1598
1514
1892
1582
1226
1331
1605
1973
1689
1117
1196
1904
1922
1839
1512
1808
1495
1117
1913
1854
1726
1605
1304
1554
1060
1764
1855
1810
1672
1519
1098
1255
1930
1758
1290
1996
1870
1498
1042
1720
1769
1360
1624
1354
1903
1509
1122
1964
1902
1993
1457
1864
1402
1384
1807
1720
1270
1867
1697
1810
1500
1846
1720
1727
1649
1090
1010
1341
1832
1346
1344
1122
1393
1347
1948
1009
1910
1525
1370
1289
1754
1894
1335
1753
1454
1518
1882
1400
1945
1789
1549
1520
1332
1688
1383
1467
1551
1954
1266
1997
1435
1711
1981
1201
1541
1276
1285
1792
1788
1930
1269
1139
1039
1490
1814
1154
1398
1794
1108
1246
1515
1605
1376
1536
1612
1297
1707
1189
1369
1866
1094
1400
1700
1652
1163
1135
1954
1446
1135
1283
1652
1825
1574
1550
1946
1247
1339
1585
1829
1521
1643
1701
1703
1457
1821
1727
1818
1678
1848
1217
1033
1830
1185
1795
1391
1774
1527
1721
1050
1868
1013
1270
1163
1669
1051
1734
1302
1675
1385
1889
1552
1134
1090
1571
1201
1676
1968
1320
1920
1971
1946
1989
1925
1282
1047
1705
1799
1856
1941
1859
1283
1060
1731
1461
1277
1187
1735
1342
1966
1665
1485
1654
1595
1142
1764
1698
1038
1978
1366
1583
1539
1331
1357
1827
1576
1866
1061
1455
1033
1342
1153
1992
1984
1697
1277
1309
1726
1879
1190
1155
1592
1804
1481
1420
1585
1669
1599
1343
1888
1094
1099
1417
1438
1403
1044
1704
1878
1979
1382
1647
1817
1622
1343
1414
1589
1847
1585
1401
1457
1004
1947
1777
1744
1906
1716
1280
1295
1926
1901
1262
1029
1838
1881
1240
1190
1046
1405
1624
1747
1791
1630
1567
1482
1625
1851
1279
1598
1729
1712
1726
1211
1822
1827
1868
1144
1446
1143
1029
1673
1805
1403
1778
1343
1181
1207
1146
1407
1009
1826
1102
1588
1803
1018
1131
1953
1926
1993
1952
1559
1869
1456
1390
1223
1842
1019
1624
1581
1275
1568
1472
1282
1471
1350
1321
1324
1767
1510
1883
1620
1743
1456
1568
1099
1523
1077
1885
1866
1742
1996
1077
1309
1662
1132
1567
1842
1380
1573
1496
1420
1431
1979
1051
1623
1648
1392
1837
1367
1624
1092
1973
1490
1093
1707
1448
1350
1324
1124
1307
1848
1096
1138
1849
1418
1504
1433
1597
1272
1239
1310
1513
1640
1677
1587
1916
1115
1795
1710
1491
1412
1124
1837
1206
1012
1438
1136
1531
1952
1016
1914
1752
1768
1574
1533
1481
1900
1519
1642
1258
1805
1240
1082
1783
1245
1849
1916
1679
1428
1572
1755
1718
1640
1031
1075
1905
1944
1287
1057
1421
1277
1364
1444
1576
1661
1948
1003
1937
1526
1255
1851
1612
1604
1514
1021
1005
1863
1767
1707
1182
1988
1305
1461
1676
1045
1149
1917
1979
1984
1324
1202
1209
1889
1373
1885
1912
1701
1703
1718
1861
1940
1332
1073
1246
1034
1113
1571
1465
1586
1763
1459
1559
1911
1435
1663
1455
1481
1874
1124
1750
1880
1383
1857
1189
1312
1341
1369
1147
1418
1298
1627
1761
1962
1242
1592
1908
1946
1979
1560
1325
1467
1424
1849
1829
1170
1225
1509
1468
1927
1418
1278
1104
1534
1463
1865
1299
1127
1161
1965
1877
1616
1626
1126
1696
1109
1325
1970
1027
1105
1161
1815
1462
1268
1788
1023
1068
1993
1732
1322
1527
1467
1809
1023
1285
1963
1190
1358
1799
1289
1974
1684
1155
1668
1275
1395
1743
1303
1433
1413
1374
1275
1874
1358
1248
1803
1730
1828
1137
1744
1803
1340
1571
1313
1563
1593
1543
1910
1216
1875
1863
1721
1470
1794
1855
1962
1688
1926
1610
1790
1770
1909
1321
1795
1383
1599
1574
1763
1230
1666
1847
1274
1335
1773
1094
1717
1908
1083
1092
1905
1299
1686
1133
1357
1799
1516
1047
1550
1949
1235
1621
1437
1717
1133
1537
1062
1271
1656
1365
1376
1076
1421
1338
1924
1559
1986
1082
1284
1312
1798
1311
1553
1592
1721
1871
1520
1876
1910
1887
1371
1704
1005
1260
1280
1996
1193
1920
1256
1164
1131
1794
1838
1833
1185
1134
1825
1773
1887
1380
1688
1395
1840
1853
1578
1117
1137
1471
1279
1296
1258
1289
1030
1938
1546
1378
1347
1956
1430
1573
1972
1314
1253
1742
1825
1207
1395
1520
1374
1613
1656
1087
1815
1738
1237
1520
1023
1902
1898
1329
1788
1489
1886
1355
1074
1017
1772
1724
1554
1657
1407
1633
1695
1246
1778
1936
1174
1147
1199
1835
1191
1788
1521
1673
1580
1295
1887
1710
1333
1054
1208
1619
1085
1337
1638
1512
1492
1041
1113
1558
1218
1776
1201
1113
1581
1355
1062
1707
1415
1097
1511
1444
1600
1517
1926
1068
1115
1951
1717
1555
1415
1994
1631
1167
1092
1694
1509
1597
1232
1765
1811
1220
1598
1739
1639
1418
1025
1990
1845
1666
1186
1461
1898
1733
1356
1149
1747
1589
1064
1511
1744
1329
1402
1725
1467
1250
1079
1288
1291
1283
1167
1669
1606
1647
1267
1262
1683
1379
1552
1190
1288
1280
1728
1996
1349
1218
1184
1781
1814
1224
1752
1950
1595
1823
1457
1998
1118
1273
1106
1426
1033
1035
1014
1931
1617
1788
1165
1226
1739
1840
1294
1699
1041
1413
1054
1151
1384
1606
1647
1203
1898
1402
1952
1382
1875
1937
1317
1648
1186
1589
1611
1302
1590
1803
1474
1547
1434
1549
1695
1720
1142
1864
1789
1115
1428
1536
1888
1317
1508
1196
1253
1670
1748
1940
1585
1323
1648
1543
1285
1575
1290
1417
1819
1784
1054
1641
1175
1672
1988
1312
1877
1725
1202
1189
1707
1426
1005
1814
1450
1483
1181
1977
1007
1112
1611
1977
1464
1721
1375
1548
1365
1520
1282
1553
1733
1827
1092
1335
1442
1216
1475
1520
1946
1116
1402
1604
1539
1388
1721
1666
1674
1165
1479
1609
1807
1830
1560
1077
1785
1259
1692
1422
1114
1541
1919
1914
1934
1908
1830
1858
1365
1166
1324
1817
1203
1673
1233
1233
1489
1325
1612
1480
1433
1902
1269
1232
1147
1933
1890
1573
1631
1757
1659
1919
1502
1651
1484
1535
1578
1630
1951
1709
1350
1558
1275
1336
1619
1274
1253
1472
1649
1713
1113
1173
1246
1914
1061
1618
1206
1623
1810
1363
1447
1132
1552
1908
1447
1214
1253
1668
1532
1238
1106
1558
1504
1988
1562
1424
1696
1073
1944
1140
1991
1133
1420
1348
1475
1686
1769
1826
1396
1298
1582
1142
1724
1796
1727
1560
1080
1386
1903
1109
1121
1487
1900
1015
1319
1708
1344
1989
1667
1282
1863
1170
1775
1539
1466
1529
1709
1878
1974
1190
1233
1600
1201
1439
1363
1784
1492
1273
1445
1139
1574
1623
1469
1534
1178
1709
1199
1563
1742
1468
1539
1698
1350
1342
1590
1200
1814
1768
1776
1757
1393
1112
1673
1951
1104
1027
1600
1564
1066
1025
1290
1509
1524
1413
1691
1535
1718
1364
1349
1971
1786
1703
1650
1708
1353
1540
1807
1064
1948
1734
1559
1552
1020
1476
1536
1610
1838
1143
1847
1518
1775
1765
1579
1245
1391
1819
1632
1445
1869
1544
1955
1881
1559
1620
1309
1941
1636
1479
1150
1087
1537
1878
1583
1730
1180
1760
1507
1972
1456
1007
1803
1263
1029
1865
1861
1917
1091
1766
1800
1644
1363
1924
1047
1289
1298
1343
1831
1081
1987
1012
1255
1346
1144
1324
1691
1552
1501
1046
1053
1179
1873
1701
1297
1902
1969
1913
1426
1138
1323
1305
1718
1521
1476
1638
1756
1671
1646
1106
1885
1635
1922
1663
1934
1291
1214
1005
1776
1253
1019
1507
1442
1602
1429
1575
1468
1340
1824
1152
1016
1129
1611
1984
1255
1304
1316
1216
1902
1575
1320
1731
1427
1039
1629
1628
1263
1719
1910
1996
1914
1334
1562
1675
1806
1981
1289
1536
1497
1704
1164
1499
1794
1204
1816
1072
1959
1372
1566
1774
1393
1590
1411
1477
1629
1066
1055
1711
1599
1011
1004
1565
1125
1590
1501
1698
1469
1047
1744
1572
1436
1067
1066
1854
1108
1672
1309
1067
1353
1409
1952
1206
1241
1358
1563
1701
1062
1048
1406
1427
1361
1137
1253
1956
1484
1306
1490
1163
1267
1614
1783
1168
1360
1924
1150
1453
1691
1370
1143
1495
1722
1796
1749
1794
1578
1676
1733
1413
1930
1388
1556
1581
1985
1647
1004
1350
1044
1133
1211
1315
1021
1613
1081
1886
1442
1085
1539
1884
1289
1476
1009
1504
1742
1377
1592
1543
1865
1341
1580
1883
1487
1907
1046
1881
1699
1007
1478
1910
1440
1372
1174
1302
1925
1728
1906
1317
1694
1794
1871
1886
1332
1324
1007
1040
1768
1467
1998
1929
1689
1315
1981
1379
1159
1992
1529
1267
1819
1095
1670
1488
1269
1106
1165
1296
1169
1443
1743
1014
1816
1504
1277
1184
1374
1428
1262
1077
1973
1407
1812
1772
1646
1819
1171
1527
1679
1935
1311
1814
1277
1761
1833
1936
1023
1276
1637
1757
1580
1978
1531
1919
1179
1338
1784
1214
1229
1810
1065
1578
1377
1536
1548
1179
1812
1162
1883
1541
1978
1206
1485
1872
1446
1475
1154
1667
1793
1014
1570
1920
1146
1233
1867
1771
1971
1981
1142
1124
1340
1537
1205
1996
1135
1067
1963
1444
1575
1066
1535
1224
1325
1830
1559
1363
1712
1224
1069
1764
1480
1563
1912
1318
1624
1084
1578
1350
1902
1549
1017
1077
1728
1372
1597
1269
1668
1787
1685
1177
1019
1281
1774
1549
1580
1494
1080
1676
1353
1899
1199
1512
1472
1760
1739
1227
1664
1335
1908
1845
1342
1293
1439
1647
1363
1777
1861
1467
1747
1845
1606
1103
1541
1330
1985
1494
1042
1264
1302
1014
1340
1594
1731
1305
1660
1152
1103
1907
1216
1206
1134
1674
1863
1826
1314
1172
1858
1123
1554
1002
1722
1532
1282
1681
1720
1952
1886
1329
1420
1568
1708
1983
1317
1968
1541
1333
1673
1623
1080
1713
1019
1997
1268
1627
1159
1231
1023
1136
1490
1613
1527
1060
1754
1093
1908
1924
1255
1985
1793
1338
1094
1507
1949
1097
1696
1992
1538
1159
1643
1066
1137
1299
1149
1528
1768
1044
1632
1864
1018
1753
1462
1661
1169
1151
1554
1124
1306
1269
1624
1927
1421
1395
1331
1468
1519
1065
1218
1064
1446
1092
1413
1501
1128
1979
1530
1403
1120
1832
1094
1707
1975
1561
1098
1430
1251
1510
1948
1756
1958
1582
1799
1656
1966
1346
1376
1616
1532
1995
1853
1379
1683
1383
1748
1243
1599
1006
1030
1458
1232
1714
1135
1033
1898
1293
1866
1668
1065
1142
1173
1729
1526
1411
1926
1767
1065
1114
1729
1851
1785
1130
1951
1085
1520
1156
1644
1817
1308
1599
1117
1274
1051
1665
1516
1825
1942
1289
1498
1875
1928
1793
1840
1248
1524
1594
1130
1007
1921
1431
1425
1824
1275
1459
1779
1810
1910
1759
1864
1378
1065
1772
1732
1685
1485
1622
1380
1492
1193
1401
1775
1999
1396
1733
1731
1725
1253
1229
1976
1566
1186
1190
1845
