2491
2167
2637
2346
2130
2799
2321
2689
2607
2893
2968
2600
2723
2387
2442
2898
2987
2673
2564
2136
2648
2195
2024
2280
2345
2662
2990
2578
2268
2152
2728
2401
2316
2977
2236
2525
2643
2802
2778
2641
2185
2208
2749
2718
2285
2836
2655
2115
2176
2298
2972
2975
2737
2532
2304
2405
2890
2515
2493
2931
2722
2762
2205
2327
2180
2742
2070
2597
2613
2046
2635
2842
2947
2683
2863
2718
2328
2947
2436
2474
2974
2697
2914
2766
2621
2353
2699
2509
2815
2402
2186
2240
2252
2116
2828
2739
2289
2363
2264
2896
2644
2056
2672
2374
2778
2306
2865
2629
2978
2518
2190
2673
2370
2992
2152
2465
2767
2093
2235
2715
2722
2287
2690
2902
2293
2100
2059
2347
2574
2915
2188
2584
2682
2739
2156
2866
2819
2282
2991
2055
2612
2687
2658
2182
2921
2398
2060
2891
2155
2757
2237
2179
2009
2959
2088
2752
2034
2652
2836
2809
2303
2290
2609
2322
2166
2501
2621
2707
2008
2255
2126
2383
2796
2548
2457
2659
2061
2756
2042
2057
2110
2805
2149
2657
2494
2613
2424
2051
2175
2497
2603
2499
2624
2909
2008
2665
2826
2185
2893
2524
2207
2236
2169
2826
2974
2623
2586
2390
2876
2480
2924
2567
2668
2378
2526
2881
2135
2293
2343
2747
2255
2840
2198
2532
2533
2047
2391
2082
2762
2506
2449
2105
2307
2373
2628
2020
2829
2061
2912
2786
2776
2774
2384
2416
2696
2270
2613
2120
2695
2732
2088
2915
2558
2739
2479
2376
2666
2125
2897
2481
2787
2502
2316
2806
2807
2718
2315
2568
2246
2826
2750
2252
2454
2800
2985
2401
2607
2597
2031
2784
2441
2974
2167
2408
2529
2103
2236
2843
2571
2722
2554
2705
2073
2335
2708
2879
2201
2004
2731
2795
2452
2178
2145
2414
2395
2533
2140
2870
2301
2509
2693
2447
2859
2877
2744
2918
2044
2232
2830
2306
2748
2091
2718
2767
2551
2010
2443
2104
2172
2195
2735
2680
2244
2745
2637
2422
2546
2726
2739
2011
2516
2289
2014
2384
2439
2407
2104
2896
2210
2401
2012
2296
2633
2618
2354
2767
2561
2740
2510
2638
2379
2566
2259
2117
2394
2771
2381
2902
2958
2521
2524
2146
2715
2861
2868
2583
2491
2024
2418
2243
2432
2704
2225
2512
2294
2270
2777
2252
2829
2215
2121
2051
2284
2449
2068
2531
2416
2716
2759
2692
2701
2930
2194
2498
2660
2980
2141
2985
2210
2875
2306
2795
2225
2448
2544
2736
2959
2920
2168
2547
2108
2648
2736
2757
2906
2801
2796
2761
2837
2735
2869
2523
2217
2188
2722
2133
2179
2532
2499
2832
2584
2668
2460
2451
2257
2236
2782
2851
2664
2598
2377
2184
2276
2011
2046
2215
2345
2657
2450
2065
2275
2458
2388
2535
2368
2219
2223
2440
2797
2807
2930
2498
2209
2880
2765
2120
2774
2130
2143
2846
2197
2692
2506
2766
2033
2579
2632
2765
2868
2541
2063
2688
2198
2935
2551
2341
2973
2924
2749
2791
2670
2186
2032
2881
2824
2754
2072
2174
2889
2372
2750
2795
2643
2525
2239
2698
2454
2142
2466
2764
2705
2058
2289
2137
2867
2355
2796
2911
2572
2210
2104
2725
2393
2561
2831
2931
2283
2823
2881
2776
2697
2551
2857
2176
2276
2253
2538
2120
2456
2159
2144
2526
2179
2899
2091
2434
2518
2059
2229
2187
2856
2793
2637
2383
2042
2217
2180
2979
2421
2978
2973
2907
2111
2736
2330
2695
2469
2665
2345
2283
2755
2937
2965
2633
2830
2741
2601
2596
2626
2537
2463
2932
2207
2334
2647
2529
2158
2820
2091
2661
2418
2119
2351
2555
2882
2929
2934
2214
2427
2764
2743
2024
2793
2650
2094
2448
2174
2795
2311
2990
2060
2626
2166
2126
2492
2692
2826
2566
2961
2502
2064
2486
2006
2539
2915
2475
2284
2263
2073
2480
2856
2258
2480
2618
2705
2180
2160
2774
2519
2841
2906
2850
2423
2922
2790
2549
2547
2576
2851
2571
2734
2701
2822
2504
2925
2345
2725
2008
2217
2806
2438
2657
2009
2720
2553
2439
2405
2404
2988
2306
2053
2380
2077
2837
2175
2669
2962
2605
2696
2605
2172
2852
2218
2564
2154
2873
2875
2862
2178
2406
2102
2049
2066
2262
2843
2762
2493
2808
2665
2190
2193
2741
2580
2912
2445
2714
2946
2886
2887
2042
2711
2416
2259
2860
2224
2583
2640
2460
2604
2533
2421
2272
2175
2126
2241
2945
2824
2122
2424
2436
2506
2463
2369
2460
2360
2687
2756
2590
2377
2083
2745
2393
2516
2884
2572
2760
2021
2441
2244
2805
2308
2282
2795
2867
2583
2000
2623
2392
2342
2182
2767
2453
2844
2704
2962
2404
2525
2479
2192
2101
2467
2023
2116
2181
2459
2037
2097
2291
2532
2439
2146
2664
2111
2546
2046
2523
2826
2922
2760
2302
2463
2386
2764
2792
2938
2584
2094
2264
2783
2876
2484
2154
2729
2261
2220
2849
2312
2736
2032
2810
2602
2078
2621
2665
2450
2296
2332
2867
2645
2146
2231
2599
2705
2681
2957
2057
2040
2130
2193
2179
2586
2353
2957
2506
2154
2386
2588
2939
2319
2392
2148
2105
2482
2568
2146
2549
2351
2145
2992
2864
2716
2266
2122
2207
2038
2983
2478
2787
2363
2970
2865
2803
2219
2762
2790
2305
2448
2027
2329
2447
2916
2570
2474
2204
2681
2914
2509
2054
2451
2904
2646
2013
2034
2287
2475
2626
2964
2841
2289
2867
2727
2363
2032
2460
2772
2300
2275
2114
2015
2082
2343
2431
2611
2993
2661
2606
2034
2160
2314
2618
2666
2889
2883
2367
2700
2077
2782
2556
2469
2938
2308
2972
2751
2411
2683
2376
2746
2834
2464
2610
2764
2500
2425
2513
2536
2417
2441
2340
2138
2854
2012
2196
2360
2553
2674
2594
2909
2024
2457
2434
2111
2095
2410
2515
2208
2756
2998
2012
2001
2881
2514
2405
2570
2333
2973
2799
2455
2447
2106
2609
2413
2200
2585
2896
2002
2675
2047
2378
2233
2252
2518
2255
2925
2643
2616
2036
2157
2300
2557
2813
2891
2044
2147
2069
2502
2427
2549
2989
2827
2603
2839
2326
2840
2411
2455
2065
2753
2989
2225
2516
2115
2775
2461
2207
2307
2653
2833
2347
2575
2841
2114
2408
2305
2849
2595
2793
2589
2226
2744
2463
2264
2294
2741
2102
2311
2576
2983
2016
2170
2968
2820
2828
2749
2479
2110
2403
2590
2464
2450
2343
2470
2233
2055
2928
2454
2038
2282
2516
2267
2288
2831
2321
2059
2790
2569
2962
2567
2888
2762
2733
2323
2412
2039
2973
2360
2840
2243
2489
2635
2906
2292
2480
2735
2767
2314
2719
2693
2358
2459
2048
2700
2752
2563
2808
2811
2207
2961
2238
2978
2248
2285
2451
2225
2798
2710
2370
2584
2357
2936
2310
2830
2423
2690
2722
2982
2046
2877
2129
2411
2631
2553
2147
2404
2695
2874
2728
2202
2821
2935
2652
2598
2228
2475
2151
2487
2467
2836
2688
2937
2650
2257
2453
2986
2427
2465
2170
2471
2483
2278
2547
2907
2588
2809
2216
2727
2072
2031
2796
2156
2196
2488
2961
2469
2238
2712
2013
2554
2077
2119
2369
2920
2012
2027
2275
2636
2978
2829
2762
2782
2785
2833
2289
2338
2336
2143
2291
2681
2159
2214
2801
2902
2639
2504
2058
2061
2732
2041
2960
2982
2601
2617
2835
2639
2902
2033
2180
2983
2703
2890
2344
2703
2428
2144
2431
2067
2993
2534
2792
2166
2089
2772
2987
2268
2924
2067
2978
2824
2410
2720
2653
2966
2338
2903
2824
2723
2748
2471
2979
2688
2008
2227
2503
2382
2009
2585
2000
2363
2937
2227
2091
2786
2545
2948
2837
2241
2797
2220
2205
2636
2459
2148
2271
2606
2766
2301
2470
2272
2931
2546
2141
2378
2463
2054
2067
2343
2467
2336
2817
2981
2829
2579
2312
2521
2020
2162
2028
2817
2760
2648
2879
2659
2931
2878
2339
2620
2336
2558
2808
2930
2535
2532
2782
2754
2545
2573
2024
2414
2894
2975
2805
2686
2953
2008
2892
2823
2637
2426
2595
2706
2631
2859
2468
2683
2135
2371
2749
2473
2124
2775
2666
2941
2930
2467
2713
2940
2611
2869
2986
2335
2919
2708
2489
2530
2377
2542
2722
2441
2073
2889
2751
2669
2511
2361
2769
2398
2178
2672
2473
2915
2245
2780
2993
2662
2962
2947
2700
2443
2751
2513
2006
2702
2730
2490
2609
2603
2737
2819
2702
2905
2450
2458
2028
2784
2812
2918
2536
2634
2697
2385
2362
2758
2472
2449
2911
2367
2539
2382
2136
2587
2594
2591
2766
2999
2506
2661
2145
2848
2133
2433
2172
2284
2095
2553
2126
2575
2626
2389
2391
2234
2439
2120
2860
2869
2914
2010
2274
2925
2656
2946
2164
2793
2096
2089
2664
2134
2603
2666
2180
2795
2705
2285
2512
2175
2977
2883
2864
2469
2349
2595
2113
2649
2216
2187
2933
2069
2541
2770
2125
2285
2589
2802
2442
2625
2516
2820
2599
2544
2849
2572
2695
2664
2969
2091
2918
2140
2302
2402
2823
2783
2401
2876
2986
2773
2585
2805
2959
2529
2134
2815
2420
2601
2759
2435
2470
2502
2980
2540
2375
2855
2833
2735
2141
2932
2072
2310
2587
2688
2674
2652
2806
2672
2905
2156
2758
2833
2317
2674
2959
2430
2481
2251
2419
2998
2521
2560
2349
2420
2035
2708
2925
2120
2655
2671
2131
2419
2388
2820
2538
2160
2696
2221
2106
2965
2467
2278
2594
2825
2769
2255
2968
2416
2178
2074
2166
2561
2928
2485
2955
2280
2036
2858
2435
2312
2078
2961
2653
2440
2447
2999
2495
2446
2268
2935
2999
2258
2737
2031
2824
2065
2336
2750
2151
2417
2445
2458
2050
2956
2007
2406
2556
2630
2293
2024
2359
2681
2034
2656
2894
2128
2270
2284
2350
2160
2203
2832
2521
2298
2657
2739
2326
2925
2806
2862
2656
2168
2894
2429
2745
2293
2530
2040
2027
2017
2864
2067
2267
2328
2287
2592
2875
2222
2797
2119
2979
2152
2888
2964
2995
2225
2725
2358
2359
2688
2448
2184
2022
2023
2200
2328
2353
2070
2782
2765
2917
2054
2938
2534
2941
2450
2098
2742
2152
2271
2953
2259
2810
2076
2679
2461
2489
2508
2482
2676
2903
2592
2993
2786
2870
2754
2601
2583
2157
2789
2222
2180
2814
2848
2864
2415
2304
2273
2639
2597
2584
2006
2868
2365
2576
2182
2989
2609
2153
2975
2540
2368
2866
2576
2062
2023
2196
2966
2123
2926
2169
2173
2503
2270
2561
2980
2644
2896
2889
2547
2521
2393
2512
2184
2387
2409
2167
2036
2934
2411
2349
2245
2415
2271
2156
2036
2778
2587
2891
2351
2532
2040
2465
2345
2324
2057
2371
2957
2499
2310
2962
2898
2668
2326
2292
2192
2321
2779
2493
2001
2252
2167
2026
2314
2911
2637
2497
2880
2177
2739
2576
2976
2398
2171
2897
2863
2697
2392
2487
2568
2888
2269
2665
2396
2005
2313
2423
2123
2156
2919
2917
2344
2733
2954
2715
2835
2896
2830
2574
2881
2400
2769
2767
2782
2494
2529
2950
2570
2755
2983
2451
2712
2601
2448
2160
2795
2727
2669
2446
2668
2687
2592
2107
2415
2093
2999
2229
2844
2150
2245
2582
2329
2194
2467
2483
2036
2832
2534
2507
2381
2501
2634
2265
2666
2305
2973
2261
2877
2910
2942
2893
2128
2109
2980
2579
2785
2767
2130
2284
2536
2437
2912
2685
2749
2980
2533
2897
2054
2376
2504
2579
2766
2460
2190
2293
2642
2460
2278
2715
2413
2887
2705
2135
2539
2564
2229
2778
2170
2327
2248
2115
2844
2000
2721
2879
2505
2393
2274
2941
2842
2938
2649
2708
2040
2083
2806
2396
2723
2693
2280
2446
2742
2605
2568
2641
2264
2846
2359
2202
2669
2882
2923
2783
2467
2101
2452
2240
2113
2334
2085
2138
2385
2506
2807
2690
2415
2350
2039
2866
2449
2297
2487
2331
2222
2925
2625
2647
2763
2800
2864
2353
2616
2915
2545
2708
2834
2046
2263
2452
2209
2029
2269
2341
2409
2460
2011
2143
2215
2554
2388
2603
2073
2133
2950
2164
2760
2322
2408
2124
2361
2471
2362
2794
2966
2407
2070
2245
