3814
3068
3364
3487
3350
3745
3165
3167
3092
3454
3205
3266
3710
3442
3787
3258
3962
3252
3471
3754
3054
3573
3842
3367
3459
3466
3625
3626
3635
3221
3803
3998
3803
3303
3410
3490
3492
3892
3918
3676
3916
3314
3260
3523
3313
3567
3878
3119
3973
3111
3085
3431
3741
3703
3809
3254
3988
3417
3657
3859
3733
3548
3773
3779
3094
3599
3808
3349
3007
3866
3500
3762
3649
3784
3414
3375
3187
3837
3216
3289
3728
3928
3533
3452
3237
3326
3511
3880
3206
3227
3868
3040
3344
3261
3783
3080
3217
3023
3643
3602
3636
3638
3322
3901
3536
3636
3140
3676
3152
3758
3435
3006
3557
3044
3459
3790
3784
3901
3359
3025
3684
3261
3311
3144
3815
3716
3085
3217
3489
3475
3854
3846
3966
3534
3046
3474
3574
3249
3428
3379
3531
3520
3445
3657
3130
3127
3844
3577
3946
3434
3367
3886
3922
3410
3708
3541
3343
3957
3483
3731
3667
3832
3789
3493
3209
3108
3506
3803
3605
3203
3497
3923
3745
3053
3656
3630
3577
3595
3355
3081
3544
3391
3361
3721
3060
3182
3298
3003
3036
3164
3860
3880
3409
3914
3165
3074
3402
3149
3955
3214
3090
3030
3623
3478
3653
3850
3432
3865
3528
3246
3540
3209
3925
3009
3225
3600
3230
3582
3610
3496
3121
3524
3669
3758
3337
3932
3889
3098
3389
3622
3885
3742
3570
3263
3691
3744
3084
3819
3315
3862
3625
3212
3388
3349
3582
3325
3485
3062
3979
3125
3138
3062
3770
3299
3090
3544
3062
3706
3869
3745
3157
3249
3051
3919
3615
3290
3720
3919
3353
3244
3867
3170
3898
3304
3725
3315
3031
3773
3799
3711
3169
3352
3645
3282
3660
3011
3391
3434
3219
3192
3109
3874
3495
3691
3378
3269
3127
3970
3658
3141
3137
3617
3821
3975
3078
3286
3581
3341
3331
3982
3972
3136
3699
3530
3135
3511
3315
3314
3663
3416
3550
3059
3846
3226
3886
3248
3582
3173
3596
3243
3853
3527
3871
3854
3749
3755
3952
3995
3552
3304
3998
3372
3000
3459
3061
3855
3340
3282
3722
3202
3407
3663
3665
3759
3787
3524
3247
3212
3155
3441
3108
3202
3198
3384
3856
3159
3015
3449
3078
3682
3960
3159
3782
3187
3095
3758
3076
3676
3161
3207
3381
3200
3899
3529
3234
3239
3168
3774
3198
3155
3533
3615
3209
3266
3080
3197
3999
3272
3662
3045
3579
3448
3027
3023
3420
3614
3452
3924
3986
3732
3217
3081
3089
3376
3239
3412
3964
3023
3378
3866
3414
3104
3807
3210
3097
3599
3231
3554
3097
3588
3247
3156
3786
3767
3997
3180
3566
3059
3829
3337
3260
3420
3113
3677
3338
3254
3703
3211
3707
3116
3452
3916
3923
3657
3142
3150
3671
3558
3623
3546
3865
3385
3590
3296
3249
3238
3456
3545
3040
3317
3028
3281
3878
3255
3403
3863
3619
3686
3014
3466
3010
3921
3266
3729
3834
3032
3974
3503
3494
3506
3205
3762
3508
3433
3599
3047
3595
3527
3026
3947
3949
3495
3086
3168
3844
3770
3629
3802
3177
3732
3217
3821
3735
3394
3176
3989
3542
3659
3155
3177
3924
3720
3148
3285
3574
3257
3125
3027
3636
3486
3478
3454
3498
3950
3126
3266
3778
3016
3107
3907
3015
3148
3284
3088
3765
3916
3539
3004
3596
3812
3696
3793
3252
3475
3473
3809
3570
3597
3894
3402
3384
3471
3632
3741
3546
3503
3858
3476
3973
3093
3671
3757
3578
3121
3803
3232
3952
3282
3270
3809
3520
3376
3755
3569
3370
3240
3294
3992
3348
3753
3348
3199
3435
3287
3037
3989
3562
3020
3388
3608
3103
3230
3647
3814
3405
3137
3161
3543
3692
3825
3269
3712
3645
3955
3510
3463
3521
3089
3633
3934
3306
3137
3036
3750
3673
3466
3424
3114
3789
3098
3385
3124
3717
3758
3006
3408
3813
3918
3868
3795
3677
3244
3845
3087
3960
3866
3638
3486
3967
3893
3366
3304
3053
3001
3505
3708
3806
3282
3837
3807
3992
3885
3204
3611
3772
3009
3104
3639
3182
3909
3254
3231
3743
3383
3872
3472
3668
3366
3974
3682
3455
3293
3975
3354
3555
3485
3497
3883
3758
3166
3296
3577
3767
3873
3067
3186
3310
3332
3018
3720
3579
3131
3372
3647
3190
3199
3957
3112
3061
3590
3532
3824
3957
3056
3690
3928
3624
3489
3126
3849
3485
3023
3542
3763
3541
3314
3792
3467
3952
3730
3935
3239
3512
3626
3273
3439
3734
3136
3213
3506
3937
3245
3650
3410
3381
3391
3642
3133
3455
3696
3885
3417
3223
3075
3794
3611
3270
3419
3400
3883
3991
3696
3371
3448
3018
3583
3131
3204
3859
3692
3870
3747
3953
3719
3389
3150
3731
3928
3539
3950
3301
3648
3874
3583
3640
3606
3056
3795
3751
3482
3343
3311
3365
3537
3979
3470
3357
3342
3148
3952
3633
3233
3027
3223
3724
3663
3336
3390
3539
3142
3066
3783
3237
3147
3904
3815
3716
3458
3085
3879
3404
3665
3177
3578
3824
3954
3585
3662
3436
3483
3145
3937
3108
3619
3288
3345
3379
3923
3377
3032
3617
3430
3258
3019
3884
3831
3429
3821
3399
3566
3196
3764
3432
3942
3865
3712
3498
3886
3363
3115
3747
3450
3805
3274
3224
3149
3257
3407
3501
3997
3338
3983
3265
3347
3143
3535
3589
3310
3395
3182
3173
3515
3497
3414
3807
3123
3244
3589
3369
3777
3637
3555
3847
3254
3782
3991
3666
3331
3499
3458
3596
3794
3600
3151
3391
3194
3357
3134
3549
3421
3575
3868
3050
3743
3496
3633
3574
3205
3158
3901
3087
3464
3633
3967
3924
3957
3814
3116
3924
3242
3361
3617
3052
3327
3527
3389
3311
3766
3489
3301
3520
3624
3821
3165
3531
3526
3134
3360
3441
3105
3123
3357
3210
3254
3301
3150
3221
3041
3522
3245
3539
3077
3727
3686
3938
3230
3267
3803
3237
3283
3230
3704
3521
3931
3848
3884
3338
3243
3062
3128
3707
3241
3535
3439
3861
3320
3124
3818
3959
3104
3638
3447
3211
3705
3114
3909
3033
3692
3671
3839
3332
3192
3020
3960
3758
3941
3979
3506
3966
3163
3692
3168
3027
3259
3360
3722
3759
3891
3810
3871
3911
3104
3215
3405
3358
3581
3954
3625
3187
3745
3612
3903
3878
3623
3809
3695
3026
3287
3053
3260
3116
3037
3525
3378
3897
3923
3866
3307
3030
3528
3791
3607
3193
3868
3836
3566
3677
3071
3572
3002
3635
3621
3113
3134
3235
3152
3520
3189
3746
3290
3542
3920
3109
3172
3905
3720
3100
3112
3843
3876
3418
3168
3233
3527
3545
3578
3299
3762
3562
3720
3028
3954
3242
3904
3840
3581
3080
3053
3133
3262
3451
3791
3250
3242
3240
3262
3381
3270
3680
3718
3689
3687
3696
3599
3724
3846
3827
3420
3646
3270
3866
3182
3581
3483
3524
3605
3150
3089
3520
3418
3862
3278
3471
3316
3390
3973
3487
3885
3941
3928
3553
3952
3031
3489
3252
3353
3971
3269
3467
3400
3339
3293
3569
3580
3980
3435
3717
3585
3606
3981
3360
3189
3445
3089
3283
3788
3885
3142
3014
3054
3724
3490
3315
3930
3074
3741
3233
3490
3868
3081
3325
3058
3157
3957
3466
3390
3669
3293
3825
3831
3596
3935
3116
3561
3255
3308
3980
3164
3091
3848
3042
3653
3296
3640
3154
3097
3756
3808
3948
3445
3257
3071
3229
3109
3712
3175
3810
3831
3340
3276
3092
3883
3844
3937
3719
3722
3312
3097
3636
3487
3685
3737
3047
3006
3763
3599
3227
3408
3131
3870
3384
3344
3430
3986
3615
3029
3889
3362
3988
3132
3949
3191
3498
3186
3106
3191
3493
3907
3644
3646
3257
3210
3390
3618
3280
3285
3090
3450
3432
3763
3258
3378
3338
3725
3385
3301
3135
3503
3243
3656
3157
3306
3851
3567
3567
3935
3075
3478
3947
3193
3670
3622
3445
3768
3282
3538
3897
3582
3793
3973
3006
3623
3854
3362
3086
3034
3212
3238
3537
3462
3850
3398
3985
3611
3571
3449
3960
3447
3578
3258
3597
3201
3523
3197
3190
3997
3749
3283
3831
3636
3715
3012
3273
3280
3978
3919
3350
3521
3732
3777
3289
3399
3891
3256
3090
3476
3449
3234
3559
3429
3156
3543
3310
3885
3039
3407
3302
3990
3451
3282
3326
3877
3654
3475
3637
3536
3658
3792
3353
3911
3429
3696
3051
3157
3144
3873
3911
3881
3105
3741
3569
3717
3596
3216
3923
3354
3854
3433
3451
3086
3161
3298
3569
3355
3116
3406
3311
3469
3314
3599
3281
3536
3275
3969
3963
3996
3463
3710
3426
3534
3726
3046
3642
3972
3829
3346
3135
3604
3300
3861
3200
3826
3379
3921
3693
3052
3817
3618
3873
3595
3655
3800
3122
3768
3745
3638
3005
3713
3324
3234
3663
3287
3750
3009
3903
3133
3734
3368
3919
3687
3460
3225
3400
3460
3403
3792
3165
3130
3963
3169
3808
3933
3891
3089
3457
3739
3780
3181
3766
3047
3833
3642
3603
3752
3787
3986
3578
3781
3712
3376
3614
3447
3083
3816
3481
3651
3719
3230
3086
3210
3021
3521
3633
3071
3669
3204
3314
3653
3104
3577
3872
3611
3524
3706
3026
3212
3705
3293
3712
3127
3761
3219
3241
3800
3357
3886
3846
3553
3074
3453
3507
3777
3522
3181
3702
3422
3846
3069
3984
3922
3857
3990
3240
3752
3416
3797
3943
3921
3070
3079
3134
3575
3260
3184
3979
3062
3374
3311
3115
3498
3744
3978
3785
3769
3527
3081
3556
3533
3924
3650
3791
3709
3051
3976
3986
3754
3994
3856
3030
3210
3508
3723
3966
3250
3950
3601
3033
3932
3273
3640
3772
3474
3030
3736
3899
3606
3240
3578
3480
3537
3802
3349
3340
3652
3857
3892
3859
3102
3620
3775
3701
3058
3553
3644
3230
3628
3521
3203
3366
3232
3723
3827
3764
3326
3286
3708
3622
3046
3288
3810
3524
3061
3940
3906
3955
3169
3088
3180
3165
3375
3052
3022
3469
3166
3167
3105
3096
3671
3451
3417
3007
3476
3320
3430
3809
3922
3543
3874
3950
3524
3436
3463
3934
3925
3095
3950
3247
3066
3620
3214
3741
3194
3502
3440
3908
3850
3986
3651
3586
3297
3447
3824
3576
3021
3084
3300
3238
3041
3298
3085
3326
3164
3329
3235
3736
3838
3158
3989
3525
3017
3065
3309
3064
3162
3796
3233
3894
3907
3432
3911
3454
3174
3546
3596
3844
3991
3523
3921
3255
3175
3261
3850
3186
3793
3776
3588
3272
3803
3629
3411
3440
3699
3738
3645
3584
3915
3980
3831
3902
3595
3515
3385
3042
3257
3711
3224
3759
3127
3792
3825
3792
3993
3267
3149
3943
3569
3728
3861
3761
3953
3192
3979
3365
3804
3764
3714
3323
3226
3177
3876
3193
3942
3000
3230
3088
3718
3730
3769
3798
3007
3720
3480
3717
3530
3840
3345
3585
3198
3836
3651
3398
3443
3108
3282
3359
3344
3123
3969
3091
3618
3728
3452
3634
3522
3907
3393
3734
3090
3783
3323
3893
3252
3575
3499
3346
3582
3417
3891
3123
3589
3295
3040
3733
3349
3932
3972
3275
3843
3411
3700
3102
3168
3995
3493
3118
3490
3016
3334
3375
3320
3195
3586
3927
3153
3217
3596
3899
3530
3136
3479
3249
3931
3286
3793
3737
3700
3884
3660
3396
3465
3560
3417
3430
3631
3504
3305
3729
3154
3586
3209
3591
3044
3097
3193
3160
3580
3065
3297
3316
3769
3539
3280
3248
3954
3853
3459
3285
3915
3841
3719
3159
3142
3493
3803
3345
3755
3339
3452
3741
3397
3150
3342
3209
3547
3389
3620
3574
3144
3564
3149
3073
3464
3310
3579
3412
3983
3399
3025
3503
3735
3902
3512
3464
3173
3983
3878
3602
3513
3222
3292
3617
3153
3336
3586
3923
3865
3779
3433
3138
3976
3575
3684
3951
3258
3612
3308
3656
3110
3554
3543
3514
3907
3655
3052
3530
3828
3090
3982
3548
3276
3807
3451
3047
3744
3116
3783
3280
3112
3728
3570
3010
3138
3091
3890
3744
3123
3137
3806
3753
3506
3648
3897
3242
3068
3776
3679
3417
3821
3914
3775
3605
3393
3457
3541
3123
3559
3917
3291
3452
3663
3399
3107
3650
3040
3895
3428
3393
3888
3617
3598
