4909
4766
4609
4362
4892
4746
4133
4165
4420
4146
4772
4924
4281
4442
4293
4033
4267
4593
4171
4336
4333
4252
4078
4997
4313
4577
4805
4804
4246
4557
4233
4372
4620
4362
4604
4809
4822
4585
4856
4148
4726
4879
4141
4978
4990
4119
4914
4270
4842
4253
4325
4771
4900
4002
4101
4450
4271
4361
4332
4005
4965
4316
4435
4462
4508
4532
4861
4670
4283
4947
4141
4118
4298
4728
4652
4947
4687
4230
4986
4522
4501
4849
4694
4400
4111
4590
4256
4196
4243
4806
4644
4492
4553
4799
4641
4233
4826
4591
4543
4784
4662
4294
4752
4053
4685
4262
4557
4518
4279
4098
4425
4153
4864
4120
4370
4707
4571
4540
4467
4750
4007
4619
4615
4591
4319
4689
4529
4297
4362
4887
4751
4601
4523
4540
4436
4823
4780
4847
4956
4733
4867
4726
4002
4951
4527
4159
4902
4776
4795
4184
4202
4365
4264
4228
4491
4343
4034
4685
4701
4883
4073
4969
4671
4958
4415
4771
4966
4839
4673
4414
4406
4749
4271
4032
4266
4657
4805
4401
4228
4418
4708
4198
4137
4899
4747
4854
4540
4611
4926
4961
4778
4225
4745
4864
4181
4786
4382
4693
4994
4721
4834
4336
4318
4145
4717
4506
4677
4834
4368
4234
4571
4861
4513
4330
4843
4598
4674
4813
4172
4949
4873
4735
4444
4721
4760
4353
4997
4354
4243
4623
4324
4057
4945
4032
4016
4710
4924
4690
4543
4358
4931
4919
4724
4007
4711
4664
4141
4073
4139
4892
4873
4394
4652
4612
4263
4862
4120
4463
4217
4690
4043
4437
4631
4467
4940
4746
4288
4264
4518
4946
4116
4601
4194
4827
4885
4650
4322
4499
4251
4951
4368
4143
4814
4198
4981
4389
4974
4412
4454
4086
4071
4421
4377
4291
4841
4892
4117
4579
4411
4770
4023
4991
4895
4063
4841
4347
4249
4034
4717
4585
4721
4735
4383
4858
4000
4116
4272
4212
4799
4719
4119
4747
4106
4264
4258
4661
4428
4054
4570
4799
4556
4193
4540
4205
4389
4812
4780
4754
4364
4205
4844
4612
4562
4442
4883
4850
4025
4833
4097
4566
4812
4028
4677
4025
4823
4039
4433
4319
4309
4391
4046
4128
4208
4473
4353
4032
4266
4428
4095
4748
4202
4445
4877
4713
4995
4157
4951
4787
4551
4105
4970
4310
4497
4869
4838
4021
4568
4405
4595
4589
4247
4210
4412
4429
4241
4006
4977
4180
4594
4348
4590
4070
4464
4222
4249
4220
4568
4085
4217
4608
4038
4927
4730
4434
4556
4400
4357
4050
4355
4183
4171
4171
4736
4611
4914
4815
4493
4299
4561
4724
4600
4359
4341
4851
4585
4054
4254
4722
4365
4260
4236
4701
4008
4184
4395
4733
4591
4928
4101
4508
4051
4673
4822
4892
4450
4934
4971
4060
4343
4724
4372
4662
4874
4201
4600
4328
4162
4391
4952
4549
4110
4776
4404
4031
4411
4911
4569
4683
4112
4977
4140
4376
4197
4166
4520
4269
4642
4376
4587
4319
4196
4447
4159
4773
4786
4910
4300
4472
4317
4429
4874
4577
4654
4660
4204
4745
4266
4041
4625
4591
4704
4599
4876
4594
4436
4035
4628
4699
4236
4131
4781
4717
4215
4390
4669
4764
4005
4490
4555
4983
4192
4070
4233
4500
4842
4268
4098
4903
4354
4522
4718
4758
4174
4758
4619
4372
4628
4308
4918
4696
4675
4949
4335
4737
4308
4309
4323
4193
4934
4049
4530
4610
4247
4964
4792
4833
4334
4277
4577
4982
4301
4806
4109
4101
4853
4131
4956
4732
4817
4060
4179
4289
4420
4617
4372
4232
4479
4218
4172
4662
4539
4024
4781
4069
4460
4771
4596
4692
4398
4705
4973
4849
4249
4064
4034
4782
4280
4920
4579
4214
4752
4112
4871
4050
4140
4563
4848
4885
4909
4783
4717
4280
4742
4386
4889
4050
4349
4985
4432
4176
4253
4262
4434
4461
4265
4533
4456
4070
4948
4683
4956
4925
4388
4076
4373
4815
4716
4631
4359
4532
4568
4432
4769
4435
4916
4603
4752
4775
4693
4719
4377
4763
4089
4239
4540
4733
4098
4176
4316
4201
4821
4927
4282
4765
4353
4411
4761
4916
4435
4322
4485
4754
4215
4323
4413
4435
4296
4215
4767
4280
4264
4484
4370
4247
4980
4431
4847
4485
4975
4070
4193
4947
4215
4664
4523
4635
4396
4594
4457
4581
4684
4262
4286
4618
4339
4417
4364
4988
4432
4994
4131
4952
4083
4506
4872
4993
4187
4741
4719
4506
4628
4923
4932
4120
4213
4738
4250
4410
4791
4772
4526
4014
4650
4497
4630
4585
4890
4673
4483
4306
4614
4720
4374
4563
4561
4278
4495
4309
4297
4018
4792
4800
4181
4906
4328
4020
4276
4514
4107
4902
4144
4998
4919
4882
4722
4190
4137
4322
4023
4557
4630
4472
4879
4710
4566
4270
4118
4476
4066
4847
4044
4483
4022
4785
4207
4328
4833
4650
4144
4282
4778
4460
4627
4356
4701
4431
4584
4961
4547
4793
4918
4098
4264
4604
4919
4734
4149
4740
4207
4447
4373
4243
4782
4981
4309
4795
4941
4209
4749
4752
4341
4976
4987
4680
4482
4442
4527
4463
4311
4286
4056
4275
4908
4972
4261
4921
4986
4214
4152
4138
4046
4556
4341
4245
4068
4026
4465
4874
4427
4049
4358
4600
4510
4303
4482
4460
4155
4555
4214
4896
4220
4065
4668
4627
4331
4286
4306
4962
4707
4929
4924
4475
4657
4614
4182
4449
4178
4176
4702
4465
4653
4963
4848
4808
4761
4299
4923
4823
4385
4948
4393
4828
4476
4479
4684
4030
4578
4885
4555
4252
4175
4227
4756
4339
4124
4762
4979
4803
4851
4834
4521
4460
4488
4787
4712
4298
4136
4896
4994
4826
4041
4376
4314
4888
4520
4434
4682
4567
4554
4756
4523
4572
4906
4640
4459
4823
4745
4380
4953
4254
4036
4197
4356
4080
4903
4719
4393
4747
4152
4034
4363
4603
4454
4301
4189
4984
4143
4824
4403
4146
4769
4369
4895
4028
4296
4645
4999
4234
4366
4560
4451
4520
4969
4579
4092
4520
4071
4625
4952
4271
4700
4182
4330
4565
4436
4556
4183
4144
4012
4020
4298
4217
4342
4003
4787
4508
4974
4461
4554
4853
4467
4838
4792
4635
4480
4944
4026
4186
4737
4025
4675
4191
4220
4226
4158
4375
4045
4652
4646
4829
4640
4392
4112
4734
4087
4746
4680
4066
4972
4729
4393
4153
4560
4157
4985
4287
4393
4877
4720
4118
4890
4565
4537
4222
4932
4593
4888
4724
4138
4032
4844
4180
4579
4631
4318
4348
4329
4232
4887
4431
4134
4576
4793
4243
4574
4866
4035
4936
4207
4307
4632
4380
4877
4603
4625
4952
4058
4252
4047
4889
4058
4539
4829
4011
4581
4440
4041
4105
4190
4603
4331
4585
4537
4133
4110
4720
4129
4344
4284
4370
4398
4668
4287
4275
4645
4095
4505
4455
4810
4041
4389
4211
4657
4617
4390
4014
4210
4063
4653
4655
4195
4566
4296
4652
4863
4277
4606
4436
4580
4147
4327
4346
4563
4077
4808
4206
4392
4942
4700
4642
4769
4633
4662
4254
4115
4366
4532
4064
4911
4639
4285
4123
4588
4261
4930
4227
4566
4948
4738
4563
4349
4840
4952
4827
4496
4178
4895
4449
4224
4187
4118
4122
4585
4403
4271
4117
4931
4582
4753
4349
4471
4181
4077
4337
4981
4205
4861
4834
4442
4005
4768
4544
4790
4593
4627
4209
4499
4414
4562
4719
4178
4041
4020
4589
4280
4977
4691
4774
4190
4790
4738
4450
4494
4940
4506
4901
4489
4544
4565
4150
4117
4757
4612
4393
4660
4860
4324
4129
4584
4182
4042
4142
4818
4726
4832
4111
4098
4720
4095
4140
4088
4425
4588
4266
4393
4513
4336
4691
4365
4708
4199
4594
4773
4096
4113
4521
4939
4995
4783
4439
4833
4165
4470
4496
4651
4838
4215
4170
4601
4028
4671
4058
4341
4994
4993
4674
4627
4448
4058
4191
4949
4715
4829
4858
4494
4290
4980
4155
4966
4716
4760
4525
4852
4849
4960
4331
4891
4475
4917
4741
4203
4968
4982
4726
4024
4055
4647
4028
4112
4237
4660
4605
4637
4571
4540
4747
4426
4862
4673
4052
4106
4802
4179
4393
4125
4915
4332
4001
4620
4658
4526
4689
4003
4905
4081
4378
4462
4219
4313
4215
4284
4163
4067
4809
4704
4871
4528
4193
4575
4480
4954
4089
4188
4873
4100
4495
4294
4826
4023
4519
4787
4448
4366
4220
4878
4818
4179
4011
4563
4499
4074
4837
4515
4071
4371
4374
4444
4771
4717
4342
4528
4694
4622
4852
4781
4990
4647
4562
4581
4520
4092
4977
4939
4352
4642
4410
4526
4145
4256
4477
4075
4513
4528
4434
4466
4452
4383
4786
4323
4764
4720
4177
4337
4914
4319
4706
4244
4803
4568
4302
4653
4706
4128
4891
4562
4438
4132
4661
4769
4719
4470
4556
4233
4443
4629
4066
4157
4863
4628
4079
4642
4404
4427
4139
4631
4192
4473
4263
4188
4774
4532
4096
4874
4331
4727
4121
4562
4382
4561
4964
4746
4651
4958
4348
4739
4083
4135
4570
4382
4028
4597
4323
4564
4425
4131
4946
4765
4414
4305
4031
4192
4866
4165
4331
4641
4528
4740
4543
4008
4628
4149
4768
4422
4127
4159
4753
4307
4759
4457
4310
4019
4255
4503
4520
4111
4406
4685
4817
4727
4574
4731
4894
4581
4195
4128
4428
4109
4149
4283
4704
4312
4372
4317
4263
4048
4968
4162
4863
4662
4634
4055
4824
4855
4427
4053
4059
4653
4167
4779
4125
4673
4956
4338
4103
4567
4397
4689
4222
4178
4070
4681
4754
4126
4123
4219
4381
4412
4057
4358
4498
4103
4529
4244
4271
4958
4196
4204
4824
4187
4664
4026
4929
4400
4974
4610
4936
4457
4004
4221
4389
4164
4086
4298
4127
4517
4324
4605
4381
4566
4464
4748
4485
4108
4430
4598
4588
4629
4568
4047
4611
4461
4733
4511
4818
4615
4086
4280
4100
4752
4653
4902
4862
4080
4929
4713
4157
4266
4202
4685
4283
4635
4198
4147
4366
4559
4326
4056
4037
4294
4977
4675
4208
4358
4562
4028
4635
4906
4144
4928
4974
4673
4834
4697
4188
4545
4229
4954
4958
4497
4443
4385
4580
4638
4962
4877
4671
4365
4566
4870
4294
4120
4412
4771
4962
4012
4012
4855
4568
4878
4057
4597
4899
4853
4481
4187
4812
4715
4236
4499
4127
4726
4675
4899
4627
4619
4878
4574
4165
4650
4889
4076
4914
4428
4676
4996
4647
4761
4086
4794
4774
4502
4525
4476
4888
4715
4501
4318
4353
4139
4443
4733
4716
4132
4780
4041
4132
4567
4511
4387
4349
4681
4155
4798
4821
4728
4694
4226
4474
4786
4476
4683
4416
4398
4672
4832
4087
4534
4090
4424
4175
4276
4317
4951
4369
4769
4139
4781
4916
4748
4816
4216
4233
4432
4816
4912
4403
4255
4366
4456
4574
4346
4962
4188
4427
4754
4413
4310
4725
4057
4052
4395
4643
4002
4095
4042
4034
4175
4877
4397
4471
4897
4542
4112
4606
4113
4068
4006
4577
4469
4055
4394
4449
4343
4012
4827
4442
4047
4945
4297
4398
4361
4840
4533
4088
4313
4821
4781
4947
4395
4037
4700
4495
4343
4157
4127
4456
4049
4060
4756
4219
4607
4982
4478
4781
4371
4054
4147
4569
4288
4208
4486
4190
4306
4896
4792
4523
4238
4090
4690
4376
4936
4639
4813
4770
4060
4760
4746
4939
4228
4355
4782
4972
4111
4247
4629
4671
4915
4541
4088
4405
4425
4173
4968
4489
4175
4186
4522
4119
4724
4563
4317
4989
4188
4383
4558
4116
4002
4044
4285
4506
4189
4804
4328
4848
4195
4405
4517
4067
4979
4740
4549
4401
4327
4813
4820
4634
4326
4321
4781
4729
4551
4772
4043
4205
4129
4105
4618
4688
4416
4125
4931
4819
4833
4805
4422
4372
4039
4141
4298
4501
4798
4318
4208
4890
4509
4019
4758
4559
4961
4705
4503
4875
4460
4232
4879
4838
4204
4826
4909
4602
4271
4534
4825
4280
4972
4481
4156
4275
4174
4211
4815
4137
4754
4953
4596
4531
4207
4596
4209
4018
4917
4150
4107
4028
4709
4020
4270
4938
4025
4140
4082
4711
4781
4916
4706
4007
4858
4845
4262
4161
4156
4762
4753
4179
4361
4081
4005
4289
4377
4108
