5179
5396
5770
5941
5314
5625
5301
5236
5074
5360
5998
5609
5974
5995
5678
5121
5869
5377
5082
5965
5793
5394
5426
5471
5860
5413
5727
5564
5035
5116
5490
5658
5799
5656
5729
5759
5689
5335
5148
5131
5058
5166
5270
5244
5629
5788
5399
5636
5460
5486
5782
5721
5998
5728
5468
5184
5115
5798
5492
5415
5638
5480
5166
5534
5329
5243
5034
5417
5479
5722
5978
5821
5770
5280
5113
5092
5213
5304
5951
5775
5699
5003
5406
5351
5326
5301
5679
5791
5860
5325
5062
5738
5892
5503
5772
5085
5078
5568
5842
5112
5793
5013
5627
5158
5126
5081
5683
5422
5017
5369
5732
5158
5023
5677
5503
5523
5323
5821
5095
5456
5475
5245
5489
5496
5624
5231
5167
5569
5755
5068
5764
5455
5930
5782
5875
5722
5625
5229
5224
5422
5838
5308
5664
5949
5469
5583
5604
5875
5290
5883
5399
5445
5541
5802
5769
5918
5622
5482
5901
5248
5114
5393
5277
5740
5975
5016
5541
5718
5785
5920
5349
5871
5431
5517
5415
5448
5719
5942
5473
5185
5014
5357
5885
5483
5332
5033
5043
5304
5140
5142
5352
5853
5569
5822
5375
5432
5427
5390
5750
5428
5393
5399
5372
5958
5225
5800
5575
5244
5731
5341
5162
5641
5107
5469
5643
5479
5477
5733
5114
5665
5211
5077
5989
5108
5874
5348
5080
5306
5403
5510
5282
5242
5245
5958
5364
5543
5351
5376
5498
5915
5939
5560
5995
5352
5471
5425
5070
5308
5877
5307
5946
5302
5153
5036
5912
5897
5779
5225
5300
5260
5410
5474
5557
5843
5889
5784
5302
5694
5654
5259
5005
5059
5453
5284
5545
5522
5243
5259
5249
5030
5654
5134
5776
5747
5650
5543
5860
5776
5046
5537
5597
5427
5693
5063
5299
5195
5833
5073
5840
5950
5834
5044
5748
5807
5827
5820
5407
5059
5942
5688
5242
5289
5390
5098
5551
5996
5649
5586
5454
5430
5905
5695
5153
5266
5912
5769
5183
5398
5889
5381
5933
5395
5622
5142
5243
5315
5067
5061
5210
5142
5137
5492
5899
5777
5255
5244
5931
5628
5331
5713
5714
5525
5406
5735
5443
5942
5222
5924
5758
5112
5869
5962
5129
5347
5982
5486
5461
5155
5672
5042
5013
5984
5211
5187
5105
5250
5431
5872
5784
5991
5179
5048
5236
5867
5563
5590
5111
5747
5564
5436
5108
5782
5753
5745
5504
5480
5287
5433
5384
5620
5909
5207
5348
5605
5053
5289
5264
5425
5256
5352
5779
5035
5054
5179
5168
5243
5451
5103
5098
5396
5941
5325
5141
5610
5577
5776
5775
5886
5389
5321
5814
5280
5320
5865
5763
5576
5846
5106
5787
5776
5240
5274
5415
5554
5680
5613
5841
5217
5090
5023
5719
5078
5389
5995
5564
5338
5553
5954
5409
5147
5203
5755
5563
5757
5908
5235
5430
5358
5432
5938
5424
5517
5929
5826
5208
5680
5708
5756
5740
5617
5939
5737
5706
5429
5569
5937
5375
5417
5373
5972
5507
5977
5134
5667
5845
5150
5509
5266
5074
5786
5063
5044
5473
5123
5105
5043
5834
5899
5142
5210
5941
5080
5060
5633
5088
5092
5581
5357
5664
5507
5817
5633
5567
5724
5825
5157
5622
5031
5198
5817
5722
5153
5856
5614
5603
5743
5723
5705
5146
5244
5339
5437
5720
5120
5112
5260
5139
5432
5644
5409
5011
5796
5770
5717
5307
5314
5641
5341
5580
5524
5989
5020
5795
5959
5503
5314
5370
5451
5938
5337
5499
5274
5310
5791
5505
5727
5851
5109
5121
5661
5115
5995
5198
5753
5482
5397
5787
5221
5529
5990
5808
5633
5933
5472
5055
5976
5343
5493
5057
5388
5532
5614
5938
5327
5661
5437
5827
5368
5113
5144
5678
5822
5717
5645
5371
5052
5134
5972
5697
5713
5206
5942
5945
5435
5442
5728
5676
5503
5564
5796
5629
5503
5060
5172
5649
5968
5529
5659
5323
5279
5462
5898
5244
5248
5759
5556
5424
5531
5810
5567
5907
5603
5891
5464
5674
5516
5720
5393
5166
5233
5483
5945
5930
5007
5406
5824
5390
5905
5704
5621
5845
5520
5213
5535
5545
5463
5397
5348
5063
5481
5307
5609
5868
5023
5437
5223
5606
5746
5483
5566
5871
5601
5768
5241
5252
5312
5006
5821
5053
5677
5558
5767
5453
5200
5364
5609
5504
5318
5809
5689
5148
5042
5819
5863
5688
5121
5583
5864
5602
5176
5607
5716
5589
5452
5446
5168
5431
5102
5991
5640
5216
5753
5742
5021
5926
5225
5766
5095
5062
5114
5314
5351
5189
5106
5295
5076
5492
5020
5846
5944
5170
5274
5880
5485
5043
5246
5154
5714
5958
5109
5135
5884
5365
5281
5005
5979
5213
5113
5447
5378
5829
5415
5978
5594
5988
5021
5076
5404
5779
5053
5478
5825
5417
5700
5754
5352
5877
5058
5055
5858
5102
5265
5121
5342
5495
5136
5822
5140
5286
5843
5419
5248
5115
5088
5285
5574
5046
5048
5364
5396
5737
5904
5170
5824
5085
5059
5257
5382
5224
5294
5818
5774
5675
5503
5969
5401
5402
5035
5206
5246
5749
5011
5743
5261
5492
5746
5896
5374
5575
5613
5653
5639
5483
5672
5014
5017
5608
5785
5129
5142
5319
5539
5910
5081
5825
5690
5083
5097
5755
5701
5864
5299
5686
5509
5077
5851
5674
5112
5863
5120
5211
5730
5905
5841
5139
5018
5079
5760
5727
5068
5782
5881
5102
5616
5544
5982
5644
5214
5211
5099
5269
5635
5889
5641
5964
5893
5490
5721
5947
5032
5533
5358
5397
5450
5990
5351
5495
5353
5777
5000
5590
5903
5764
5861
5274
5991
5995
5346
5911
5591
5269
5618
5612
5641
5964
5706
5300
5592
5642
5368
5842
5515
5262
5173
5354
5889
5406
5925
5555
5466
5439
5415
5176
5238
5584
5621
5166
5572
5812
5314
5375
5777
5021
5442
5044
5011
5230
5299
5202
5616
5689
5846
5180
5320
5520
5978
5422
5588
5727
5877
5553
5713
5797
5392
5218
5789
5980
5902
5478
5221
5622
5664
5688
5024
5735
5008
5858
5764
5074
5736
5730
5171
5212
5015
5251
5969
5796
5215
5157
5141
5233
5649
5629
5156
5620
5045
5800
5300
5420
5230
5347
5021
5751
5890
5101
5995
5843
5306
5287
5179
5937
5835
5309
5167
5411
5127
5648
5264
5206
5126
5856
5079
5211
5782
5407
5144
5832
5669
5625
5499
5732
5694
5527
5440
5975
5832
5643
5246
5119
5703
5846
5217
5311
5708
5869
5470
5802
5096
5074
5523
5685
5121
5687
5936
5955
5734
5829
5276
5186
5069
5483
5958
5074
5086
5489
5217
5878
5164
5340
5194
5515
5416
5036
5369
5397
5705
5961
5162
5185
5804
5597
5927
5221
5867
5370
5012
5196
5037
5564
5366
5470
5499
5529
5112
5043
5314
5397
5988
5768
5962
5459
5947
5394
5386
5069
5457
5456
5653
5988
5464
5389
5981
5995
5271
5690
5730
5166
5990
5130
5903
5200
5129
5783
5002
5442
5207
5627
5750
5911
5341
5553
5479
5076
5468
5425
5217
5413
5252
5834
5877
5843
5635
5641
5088
5273
5191
5568
5386
5022
5243
5987
5448
5605
5521
5299
5407
5991
5781
5645
5638
5610
5537
5661
5134
5099
5202
5420
5385
5848
5758
5104
5812
5064
5497
5002
5642
5211
5827
5835
5838
5318
5487
5128
5572
5246
5370
5877
5717
5470
5502
5942
5254
5652
5171
5976
5668
5245
5449
5453
5998
5025
5660
5799
5934
5465
5572
5716
5429
5285
5583
5103
5690
5714
5565
5000
5359
5984
5793
5137
5801
5210
5719
5929
5697
5351
5646
5558
5444
5973
5668
5795
5947
5485
5856
5089
5472
5465
5848
5586
5270
5202
5367
5736
5763
5391
5611
5252
5485
5583
5312
5203
5238
5191
5188
5899
5493
5775
5888
5731
5082
5207
5240
5984
5726
5880
5520
5348
5797
5725
5106
5496
5385
5991
5576
5194
5316
5112
5810
5363
5497
5935
5653
5663
5576
5210
5449
5151
5172
5138
5693
5083
5723
5240
5928
5848
5929
5709
5127
5018
5881
5304
5862
5251
5770
5816
5981
5370
5801
5257
5481
5078
5457
5524
5531
5737
5228
5134
5913
5946
5612
5842
5431
5186
5434
5715
5026
5025
5370
5746
5881
5425
5321
5470
5344
5151
5533
5289
5106
5738
5391
5918
5930
5412
5927
5025
5582
5069
5237
5663
5545
5919
5407
5461
5563
5509
5308
5868
5383
5044
5691
5489
5594
5355
5721
5275
5507
5183
5181
5806
5819
5023
5218
5556
5569
5407
5200
5555
5642
5615
5983
5882
5068
5915
5946
5700
5222
5766
5716
5479
5830
5127
5777
5607
5310
5174
5811
5020
5900
5120
5928
5194
5468
5213
5908
5534
5044
5155
5577
5870
5347
5619
5815
5201
5711
5281
5633
5670
5659
5466
5238
5969
5937
5230
5369
5352
5553
5004
5358
5411
5326
5821
5832
5570
5513
5032
5556
5400
5733
5829
5652
5749
5438
5334
5505
5674
5662
5398
5344
5894
5638
5061
5399
5909
5893
5036
5525
5255
5096
5443
5963
5151
5782
5979
5483
5154
5311
5229
5611
5863
5272
5128
5718
5926
5550
5770
5631
5121
5877
5502
5627
5735
5115
5940
5554
5975
5006
5686
5242
5618
5110
5158
5256
5801
5120
5237
5347
5517
5912
5262
5399
5342
5915
5041
5099
5011
5542
5140
5016
5384
5711
5444
5526
5110
5974
5153
5644
5500
5551
5135
5915
5867
5655
5737
5736
5143
5111
5696
5309
5865
5538
5808
5443
5385
5496
5148
5966
5969
5076
5848
5741
5461
5329
5508
5348
5663
5755
5153
5912
5855
5141
5324
5366
5599
5271
5407
5944
5516
5593
5143
5805
5448
5320
5960
5100
5901
5595
5404
5501
5772
5964
5706
5804
5291
5638
5051
5283
5173
5679
5025
5674
5748
5547
5624
5302
5361
5722
5078
5827
5644
5527
5967
5511
5591
5350
5648
5261
5548
5602
5933
5235
5415
5528
5351
5001
5943
5579
5549
5365
5486
5717
5795
5759
5463
5750
5968
5990
5303
5604
5417
5006
5748
5984
5443
5391
5274
5648
5062
5587
5060
5319
5373
5443
5008
5685
5993
5974
5883
5956
5933
5072
5020
5904
5765
5347
5013
5682
5439
5372
5267
5586
5844
5420
5431
5734
5464
5705
5620
5267
5284
5457
5961
5238
5981
5019
5977
5440
5853
5266
5517
5140
5816
5782
5100
5462
5913
5128
5289
5898
5842
5546
5458
5918
5859
5873
5617
5006
5825
5321
5227
5538
5576
5451
5621
5781
5067
5573
5351
5284
5856
5462
5105
5672
5057
5868
5810
5155
5917
5220
5367
5595
5549
5534
5848
5638
5154
5370
5910
5083
5179
5043
5761
5232
5228
5494
5958
5830
5123
5654
5749
5533
5428
5816
5833
5860
5981
5134
5129
5585
5187
5339
5515
5609
5211
5946
5800
5333
5669
5939
5539
5594
5322
5370
5867
5035
5414
5229
5519
5717
5456
5379
5745
5751
5679
5148
5035
5555
5471
5048
5134
5013
5041
5488
5114
5352
5752
5675
5144
5247
5175
5302
5947
5591
5905
5204
5804
5870
5256
5709
5621
5151
5815
5654
5453
5166
5675
5324
5554
5114
5532
5734
5589
5644
5833
5855
5407
5435
5689
5101
5162
5897
5990
5929
5098
5021
5188
5923
5410
5837
5896
5721
5058
5112
5635
5804
5030
5582
5454
5863
5611
5069
5263
5476
5194
5729
5353
5573
5983
5286
5506
5484
5923
5133
5398
5152
5245
5753
5456
5244
5015
5413
5721
5669
5220
5820
5929
5320
5344
5060
5722
5622
5704
5319
5597
5502
5873
5144
5404
5573
5788
5639
5174
5932
5286
5073
5369
5789
5646
5879
5585
5971
5800
5848
5758
5094
5295
5782
5077
5256
5015
5426
5645
5975
5479
5405
5321
5391
5885
5949
5349
5236
5412
5824
5842
5680
5249
5656
5700
5495
5700
5626
5514
5765
5417
5188
5013
5503
5005
5803
5513
5559
5222
5574
5730
5438
5868
5059
5400
5133
5347
5900
5274
5852
5602
5534
5625
5878
5854
5829
5923
5823
5944
5199
5632
5156
5973
5892
5129
5381
5500
5942
5604
5641
5290
5403
5740
5110
5897
5596
5470
5378
5855
5242
5974
5700
5163
5444
5311
5105
5258
5423
5450
5211
5200
5226
5190
5580
5642
5964
5998
5027
5175
5269
5056
5185
5223
5606
5361
5523
5244
5069
