6332
6190
6799
6770
6081
6966
6017
6056
6725
6867
6646
6396
6254
6841
6878
6753
6456
6296
6905
6785
6285
6797
6599
6244
6101
6366
6661
6659
6800
6913
6171
6114
6448
6585
6992
6656
6548
6183
6878
6900
6407
6809
6499
6061
6864
6849
6068
6246
6322
6949
6038
6181
6075
6422
6991
6375
6585
6999
6478
6794
6272
6740
6651
6221
6785
6324
6833
6136
6589
6997
6400
6780
6743
6675
6951
6838
6783
6916
6791
6253
6266
6443
6283
6133
6575
6102
6700
6776
6156
6927
6168
6681
6375
6852
6810
6556
6634
6563
6517
6925
6421
6141
6001
6555
6335
6669
6161
6649
6671
6750
6195
6409
6628
6254
6470
6557
6333
6611
6050
6444
6987
6601
6369
6525
6954
6301
6364
6026
6102
6480
6816
6164
6307
6587
6967
6783
6796
6972
6490
6026
6981
6083
6140
6678
6572
6835
6402
6720
6098
6832
6687
6973
6192
6401
6620
6505
6124
6346
6700
6076
6227
6626
6638
6977
6952
6195
6556
6683
6371
6235
6288
6911
6781
6918
6950
6689
6775
6998
6780
6564
6602
6632
6997
6721
6049
6236
6638
6394
6082
6457
6672
6732
6044
6266
6172
6127
6483
6329
6028
6012
6030
6199
6054
6642
6650
6085
6292
6068
6375
6937
6614
6434
6632
6433
6658
6907
6888
6989
6369
6204
6136
6564
6370
6991
6117
6830
6324
6411
6662
6417
6277
6492
6555
6139
6192
6319
6064
6770
6419
6157
6145
6835
6502
6361
6345
6221
6695
6359
6411
6305
6307
6778
6361
6233
6583
6658
6266
6834
6877
6849
6917
6535
6721
6449
6900
6619
6043
6244
6725
6250
6535
6366
6162
6685
6872
6499
6272
6505
6139
6017
6620
6643
6511
6065
6241
6210
6235
6040
6231
6304
6800
6668
6621
6582
6925
6870
6791
6540
6538
6963
6554
6842
6228
6381
6212
6357
6254
6524
6921
6417
6537
6429
6825
6192
6778
6093
6357
6596
6858
6101
6872
6695
6179
6977
6226
6484
6365
6798
6006
6081
6913
6272
6350
6324
6917
6541
6189
6175
6830
6682
6314
6865
6596
6784
6076
6994
6463
6346
6577
6099
6991
6597
6081
6936
6185
6636
6655
6571
6861
6807
6191
6759
6876
6712
6266
6957
6831
6531
6623
6894
6643
6647
6277
6669
6161
6100
6339
6528
6210
6827
6704
6499
6615
6892
6230
6041
6230
6817
6256
6753
6384
6021
6653
6153
6520
6607
6621
6729
6590
6729
6616
6686
6738
6232
6510
6393
6604
6959
6785
6955
6631
6356
6998
6016
6918
6999
6443
6382
6358
6763
6490
6160
6660
6754
6035
6507
6816
6769
6104
6660
6318
6093
6090
6627
6317
6904
6762
6441
6793
6980
6761
6370
6651
6555
6080
6070
6688
6296
6644
6034
6870
6886
6641
6637
6195
6948
6447
6762
6856
6985
6074
6874
6475
6529
6611
6843
6530
6612
6532
6920
6291
6007
6609
6174
6225
6226
6706
6649
6096
6181
6781
6281
6777
6952
6080
6244
6514
6621
6588
6345
6381
6468
6565
6374
6936
6859
6006
6687
6164
6664
6241
6660
6727
6412
6428
6341
6301
6798
6999
6828
6347
6337
6882
6944
6844
6227
6628
6361
6004
6939
6741
6453
6106
6437
6661
6942
6834
6270
6366
6221
6136
6263
6052
6791
6041
6976
6342
6810
6099
6738
6540
6085
6181
6992
6935
6978
6921
6795
6224
6808
6782
6721
6176
6681
6523
6834
6647
6196
6365
6062
6505
6032
6073
6638
6034
6743
6901
6997
6898
6578
6168
6267
6444
6166
6482
6687
6136
6619
6350
6837
6104
6269
6117
6971
6352
6553
6612
6236
6175
6966
6765
6184
6322
6925
6395
6160
6327
6798
6054
6353
6078
6112
6983
6749
6836
6813
6446
6248
6481
6024
6119
6589
6178
6916
6163
6726
6537
6106
6138
6322
6552
6526
6013
6294
6148
6311
6602
6019
6366
6753
6498
6007
6733
6457
6100
6435
6535
6276
6148
6704
6375
6452
6030
6103
6368
6504
6964
6876
6175
6607
6816
6398
6878
6497
6243
6494
6949
6482
6891
6401
6451
6452
6523
6059
6691
6720
6964
6258
6082
6392
6081
6868
6004
6428
6985
6094
6990
6615
6414
6299
6422
6925
6458
6197
6358
6203
6577
6058
6328
6683
6033
6342
6259
6179
6342
6193
6180
6657
6322
6717
6808
6805
6329
6503
6069
6315
6211
6295
6561
6899
6883
6493
6786
6663
6580
6562
6164
6561
6084
6360
6617
6486
6992
6695
6882
6042
6126
6886
6324
6417
6482
6298
6062
6687
6416
6813
6111
6166
6016
6430
6988
6698
6352
6176
6119
6962
6355
6042
6899
6148
6103
6220
6012
6557
6453
6560
6979
6749
6737
6972
6015
6307
6937
6219
6887
6018
6202
6866
6132
6111
6549
6750
6676
6550
6321
6143
6177
6232
6066
6673
6360
6683
6576
6256
6140
6958
6618
6613
6403
6136
6921
6609
6041
6204
6881
6828
6984
6306
6338
6339
6289
6365
6853
6308
6236
6076
6458
6271
6532
6208
6742
6371
6614
6321
6673
6081
6623
6717
6685
6081
6341
6030
6627
6648
6406
6039
6992
6035
6941
6923
6829
6138
6763
6834
6156
6027
6409
6344
6790
6954
6588
6459
6585
6571
6618
6194
6207
6676
6120
6581
6346
6305
6470
6165
6715
6661
6794
6984
6746
6561
6393
6064
6743
6461
6452
6050
6047
6049
6663
6126
6634
6574
6469
6512
6697
6957
6839
6649
6046
6955
6371
6698
6851
6313
6329
6535
6316
6180
6633
6900
6809
6117
6344
6551
6547
6967
6506
6881
6472
6855
6041
6474
6546
6101
6251
6496
6185
6607
6138
6964
6769
6284
6020
6233
6350
6388
6467
6401
6540
6657
6951
6054
6867
6865
6231
6842
6079
6387
6263
6036
6797
6044
6524
6536
6994
6085
6010
6753
6862
6571
6654
6405
6813
6122
6191
6797
6710
6471
6343
6736
6045
6641
6424
6531
6515
6514
6090
6023
6485
6664
6385
6054
6162
6986
6171
6859
6069
6369
6566
6198
6795
6062
6824
6529
6022
6914
6329
6283
6096
6325
6762
6310
6388
6542
6737
6022
6998
6172
6820
6928
6914
6103
6507
6852
6305
6542
6706
6065
6497
6950
6206
6644
6405
6081
6509
6574
6922
6543
6354
6620
6953
6471
6845
6919
6991
6782
6265
6363
6458
6096
6472
6702
6131
6265
6057
6244
6481
6225
6236
6426
6408
6778
6348
6541
6713
6359
6827
6582
6891
6379
6251
6828
6495
6402
6160
6694
6209
6728
6580
6012
6858
6612
6706
6008
6194
6033
6420
6335
6003
6633
6816
6086
6433
6078
6357
6530
6590
6567
6523
6400
6682
6715
6801
6526
6687
6325
6920
6756
6546
6028
6116
6763
6054
6781
6978
6640
6650
6087
6037
6244
6179
6227
6475
6995
6916
6014
6373
6831
6257
6821
6395
6137
6580
6052
6029
6772
6622
6002
6055
6686
6039
6101
6156
6491
6793
6981
6595
6711
6887
6880
6343
6712
6651
6258
6480
6334
6020
6726
6047
6376
6878
6757
6886
6957
6811
6905
6942
6139
6880
6511
6842
6447
6619
6496
6897
6578
6960
6370
6985
6939
6323
6527
6503
6767
6071
6482
6995
6019
6133
6497
6495
6753
6865
6707
6792
6718
6182
6600
6542
6583
6233
6415
6846
6907
6315
6072
6254
6322
6671
6031
6712
6632
6628
6481
6136
6229
6453
6015
6424
6028
6772
6932
6418
6894
6221
6292
6045
6619
6142
6171
6833
6748
6100
6919
6101
6439
6977
6858
6344
6832
6986
6400
6244
6409
6677
6170
6582
6926
6704
6653
6242
6023
6587
6602
6932
6571
6191
6475
6161
6197
6633
6486
6692
6486
6975
6761
6772
6831
6011
6530
6883
6704
6581
6586
6777
6682
6858
6654
6655
6670
6875
6624
6879
6664
6457
6937
6568
6059
6355
6907
6304
6162
6418
6071
6307
6160
6540
6922
6232
6165
6756
6692
6538
6766
6147
6607
6867
6384
6712
6768
6460
6352
6723
6525
6858
6794
6839
6691
6155
6484
6733
6922
6590
6950
6669
6847
6953
6928
6000
6367
6019
6720
6745
6539
6737
6078
6177
6588
6526
6286
6562
6932
6588
6802
6203
6503
6623
6977
6810
6788
6936
6216
6521
6924
6784
6083
6623
6293
6578
6689
6918
6651
6579
6473
6149
6196
6373
6292
6995
6814
6071
6568
6188
6392
6952
6702
6873
6034
6754
6970
6367
6153
6796
6309
6354
6371
6992
6048
6611
6691
6779
6662
6156
6682
6818
6638
6100
6746
6482
6620
6469
6384
6024
6443
6547
6118
6895
6922
6759
6074
6567
6176
6290
6966
6611
6093
6445
6812
6459
6070
6925
6726
6176
6748
6780
6528
6910
6506
6778
6459
6299
6994
6859
6142
6590
6619
6713
6259
6811
6072
6010
6323
6218
6632
6557
6799
6703
6885
6134
6564
6893
6419
6409
6602
6588
6512
6907
6729
6690
6962
6980
6168
6997
6409
6160
6796
6421
6058
6692
6730
6216
6549
6254
6105
6024
6861
6102
6991
6247
6137
6185
6678
6410
6851
6476
6610
6963
6780
6629
6010
6465
6257
6324
6168
6259
6055
6881
6071
6953
6751
6096
6816
6995
6677
6679
6657
6339
6371
6112
6851
6133
6229
6849
6374
6791
6625
6905
6875
6699
6981
6517
6901
6777
6860
6409
6589
6425
6806
6554
6233
6447
6363
6871
6265
6543
6980
6232
6549
6768
6671
6135
6926
6365
6005
6691
6944
6926
6081
6420
6488
6005
6207
6809
6008
6397
6270
6020
6180
6717
6379
6439
6824
6425
6908
6071
6632
6985
6742
6894
6595
6115
6868
6272
6973
6924
6061
6460
6824
6060
6727
6994
6990
6488
6846
6979
6182
6152
6387
6763
6168
6600
6739
6667
6943
6692
6885
6611
6178
6397
6863
6957
6054
6424
6846
6926
6756
6982
6312
6069
6250
6630
6425
6629
6073
6709
6589
6240
6747
6880
6368
6393
6870
6721
6808
6411
6554
6341
6195
6072
6011
6582
6651
6545
6026
6060
6026
6293
6798
6110
6484
6117
6619
6894
6656
6819
6629
6507
6882
6723
6523
6792
6680
6154
6202
6969
6903
6011
6589
6278
6289
6489
6726
6024
6389
6622
6628
6817
6644
6001
6360
6024
6355
6966
6078
6114
6674
6240
6133
6812
6168
6642
6362
6492
6888
6995
6120
6639
6948
6367
6660
6693
6516
6130
6408
6097
6067
6703
6222
6892
6023
6543
6310
6729
6395
6661
6990
6980
6898
6711
6670
6108
6394
6135
6077
6295
6987
6671
6315
6141
6579
6586
6091
6612
6519
6375
6012
6162
6175
6761
6974
6418
6367
6970
6940
6253
6742
6766
6465
6482
6485
6451
6531
6456
6669
6447
6231
6791
6525
6618
6543
6567
6271
6010
6095
6881
6830
6821
6520
6273
6207
6256
6102
6557
6728
6510
6309
6559
6633
6325
6459
6318
6334
6195
6273
6739
6710
6030
6267
6279
6979
6992
6802
6634
6006
6081
6267
6878
6870
6246
6062
6594
6685
6640
6628
6874
6664
6800
6181
6740
6528
6750
6702
6214
6137
6296
6532
6242
6495
6735
6207
6875
6096
6254
6654
6186
6771
6892
6043
6769
6026
6993
6226
6360
6134
6580
6003
6150
6120
6315
6322
6047
6511
6940
6447
6724
6107
6464
6111
6745
6829
6992
6087
6143
6609
6215
6832
6306
6025
6390
6899
6380
6199
6663
6337
6440
6694
6842
6528
6635
6382
6083
6734
6021
6674
6108
6035
6886
6744
6262
6719
6891
6292
6787
6909
6727
6913
6967
6507
6582
6229
6741
6975
6725
6240
6238
6151
6501
6209
6404
6821
6703
6229
6004
6133
6217
6197
6114
6277
6766
6930
6862
6976
6836
6504
6029
6286
6823
6004
6531
6372
6275
6924
6403
6203
6743
6577
6401
6992
6300
6427
6126
6968
6060
6690
6971
6845
6104
6820
6281
6073
6154
6832
6237
6181
6409
6021
6433
6943
6355
6959
6901
6151
6693
6408
6533
6340
6685
6311
6740
6135
6281
6560
6710
6659
6992
6896
6131
6928
6486
6714
6727
6843
6853
6243
6230
6483
6014
6711
6789
6315
6623
6038
6876
6919
6767
6254
6231
6669
6781
6973
6052
6209
6015
6308
6550
6236
6406
6755
6488
6194
6333
6749
6798
6023
6355
6377
6253
6142
6582
6353
6027
6662
6968
6499
6865
6041
6246
6786
6757
6441
6482
6928
6275
6913
6642
6002
6372
6094
6145
6616
6223
6993
6740
6799
6227
6194
6231
6525
6863
6801
