7564
7356
7980
7187
7235
7661
7872
7518
7012
7102
7623
7707
7768
7640
7644
7694
7556
7955
7254
7354
7442
7890
7122
7477
7672
7993
7808
7851
7014
7413
7216
7214
7670
7030
7573
7231
7204
7419
7567
7475
7869
7066
7343
7189
7548
7106
7563
7108
7286
7063
7161
7409
7855
7401
7768
7679
7238
7218
7274
7695
7187
7034
7559
7854
7761
7881
7707
7246
7823
7784
7398
7574
7168
7492
7492
7743
7266
7040
7587
7932
7548
7229
7194
7204
7760
7673
7986
7128
7256
7994
7692
7299
7372
7877
7873
7091
7914
7936
7937
7723
7095
7744
7331
7786
7969
7295
7715
7924
7015
7285
7001
7850
7208
7370
7118
7880
7800
7598
7098
7684
7385
7085
7737
7758
7342
7146
7812
7992
7987
7471
7795
7283
7008
7478
7496
7027
7436
7496
7959
7464
7766
7615
7761
7179
7255
7761
7208
7697
7332
7252
7093
7255
7583
7680
7605
7370
7044
7510
7290
7457
7481
7011
7325
7258
7047
7648
7617
7709
7766
7714
7588
7225
7669
7249
7039
7961
7518
7287
7852
7171
7767
7670
7302
7965
7965
7294
7436
7724
7931
7155
7944
7226
7745
7863
7316
7067
7528
7049
7700
7284
7681
7001
7926
7089
7877
7246
7750
7354
7687
7135
7814
7193
7134
7650
7003
7074
7799
7884
7507
7503
7623
7558
7962
7863
7989
7256
7459
7251
7246
7428
7475
7693
7490
7034
7722
7981
7788
7764
7555
7121
7024
7821
7211
7848
7028
7874
7942
7291
7617
7733
7180
7288
7643
7562
7875
7989
7419
7769
7022
7053
7670
7615
7395
7762
7710
7048
7171
7880
7454
7997
7378
7954
7363
7901
7926
7043
7318
7364
7252
7002
7918
7197
7518
7603
7843
7357
7968
7782
7813
7422
7986
7495
7371
7508
7512
7849
7247
7952
7733
7383
7102
7766
7919
7609
7030
7069
7627
7303
7128
7010
7105
7197
7588
7873
7346
7955
7844
7114
7830
7624
7465
7300
7450
7403
7889
7552
7902
7021
7451
7365
7397
7190
7785
7603
7517
7330
7419
7582
7263
7080
7909
7377
7824
7191
7790
7732
7638
7661
7385
7636
7798
7230
7033
7534
7450
7045
7078
7032
7089
7018
7476
7483
7198
7080
7130
7480
7362
7570
7656
7790
7820
7521
7217
7533
7559
7508
7096
7459
7701
7589
7007
7969
7039
7996
7347
7177
7694
7202
7395
7534
7308
7276
7519
7631
7316
7002
7686
7633
7512
7755
7623
7928
7384
7647
7521
7554
7408
7921
7742
7737
7675
7350
7866
7843
7212
7414
7122
7376
7171
7894
7927
7015
7716
7912
7553
7988
7243
7520
7440
7322
7748
7651
7310
7713
7399
7094
7233
7764
7000
7472
7244
7459
7140
7341
7581
7664
7528
7121
7089
7439
7452
7661
7644
7198
7789
7120
7037
7191
7232
7149
7861
7151
7401
7173
7176
7156
7227
7321
7068
7183
7395
7071
7366
7643
7789
7118
7405
7218
7184
7887
7118
7667
7741
7330
7094
7761
7722
7706
7838
7979
7942
7630
7352
7323
7957
7445
7888
7934
7090
7221
7870
7175
7916
7232
7392
7984
7689
7324
7237
7870
7104
7542
7260
7959
7211
7858
7394
7555
7617
7449
7018
7492
7297
7975
7822
7644
7226
7791
7788
7978
7608
7358
7413
7896
7664
7225
7047
7099
7541
7604
7793
7296
7595
7665
7142
7136
7025
7080
7531
7136
7068
7713
7283
7783
7966
7635
7427
7564
7701
7248
7015
7748
7759
7143
7178
7885
7067
7253
7365
7066
7003
7010
7031
7828
7615
7140
7234
7145
7467
7762
7382
7643
7192
7654
7551
7975
7567
7727
7074
7921
7129
7602
7957
7009
7933
7701
7603
7684
7705
7673
7215
7545
7961
7265
7888
7213
7350
7555
7395
7278
7533
7497
7039
7265
7944
7500
7473
7769
7450
7207
7399
7181
7972
7083
7770
7524
7629
7372
7060
7015
7174
7671
7289
7403
7491
7190
7363
7577
7061
7682
7005
7276
7148
7156
7849
7647
7690
7488
7181
7928
7435
7454
7207
7861
7376
7502
7273
7737
7179
7495
7593
7699
7869
7093
7759
7420
7779
7965
7601
7979
7591
7046
7844
7790
7843
7229
7008
7231
7712
7980
7294
7833
7940
7809
7382
7861
7978
7231
7808
7653
7604
7243
7044
7300
7219
7077
7926
7601
7511
7441
7257
7158
7378
7809
7676
7625
7598
7777
7681
7790
7567
7078
7146
7367
7563
7868
7911
7081
7686
7042
7170
7588
7483
7324
7052
7687
7780
7325
7640
7509
7962
7479
7229
7952
7592
7569
7697
7856
7202
7931
7616
7592
7675
7113
7860
7094
7316
7730
7382
7437
7880
7076
7859
7361
7076
7733
7259
7382
7372
7456
7442
7156
7504
7907
7017
7539
7726
7409
7039
7968
7178
7824
7528
7569
7624
7153
7352
7251
7737
7008
7593
7269
7835
7263
7759
7176
7995
7843
7861
7365
7951
7178
7641
7731
7118
7096
7394
7940
7904
7861
7026
7811
7826
7004
7798
7957
7193
7466
7002
7673
7968
7785
7329
7148
7789
7809
7722
7125
7533
7722
7023
7890
7000
7848
7455
7470
7015
7347
7163
7824
7098
7777
7950
7288
7126
7163
7117
7880
7091
7049
7726
7244
7972
7987
7860
7024
7704
7437
7344
7197
7541
7493
7508
7984
7420
7484
7402
7959
7567
7407
7777
7209
7663
7050
7247
7256
7219
7944
7266
7277
7226
7984
7016
7097
7849
7047
7006
7468
7384
7863
7885
7556
7967
7689
7705
7211
7175
7700
7036
7348
7755
7041
7968
7652
7780
7466
7377
7762
7932
7415
7728
7722
7874
7701
7956
7460
7300
7236
7266
7259
7699
7203
7142
7805
7296
7770
7698
7526
7900
7971
7291
7337
7213
7437
7123
7100
7917
7135
7976
7487
7701
7790
7196
7353
7734
7243
7334
7607
7824
7204
7717
7778
7739
7677
7405
7748
7827
7211
7138
7742
7217
7709
7577
7257
7396
7311
7622
7399
7142
7916
7952
7877
7722
7991
7153
7392
7700
7774
7138
7632
7593
7908
7427
7270
7741
7306
7671
7725
7732
7945
7870
7144
7536
7846
7372
7160
7441
7498
7382
7464
7810
7957
7093
7487
7256
7711
7940
7545
7638
7282
7918
7201
7336
7868
7720
7100
7490
7841
7269
7560
7170
7806
7640
7379
7183
7277
7927
7808
7089
7213
7519
7042
7882
7583
7333
7046
7786
7974
7903
7212
7310
7081
7961
7801
7192
7457
7876
7781
7162
7962
7729
7516
7011
7712
7027
7555
7588
7470
7665
7336
7876
7998
7331
7286
7943
7336
7220
7780
7542
7737
7662
7337
7328
7586
7924
7151
7191
7057
7352
7201
7445
7337
7549
7313
7516
7057
7374
7018
7117
7163
7821
7079
7696
7123
7000
7519
7706
7474
7342
7142
7397
7550
7184
7289
7945
7247
7290
7461
7096
7209
7256
7060
7759
7321
7806
7453
7633
7358
7463
7751
7158
7190
7199
7498
7432
7274
7076
7874
7334
7567
7887
7608
7609
7529
7241
7567
7659
7829
7264
7480
7280
7140
7745
7267
7269
7608
7231
7818
7997
7420
7673
7003
7611
7652
7010
7331
7041
7253
7666
7426
7102
7451
7634
7982
7975
7774
7365
7855
7876
7784
7561
7852
7083
7886
7765
7537
7890
7248
7869
7878
7933
7518
7584
7573
7808
7736
7515
7271
7279
7562
7838
7635
7441
7331
7716
7860
7810
7065
7840
7478
7935
7675
7002
7789
7213
7859
7993
7602
7355
7637
7099
7675
7710
7184
7208
7958
7058
7503
7853
7986
7341
7588
7940
7602
7360
7051
7080
7710
7120
7495
7110
7191
7105
7475
7559
7839
7825
7927
7290
7147
7042
7300
7166
7351
7001
7670
7397
7476
7596
7677
7820
7024
7969
7152
7312
7610
7441
7671
7594
7240
7331
7099
7515
7247
7005
7444
7035
7150
7293
7590
7346
7183
7109
7889
7793
7452
7077
7380
7883
7610
7051
7414
7966
7124
7389
7648
7438
7839
7967
7690
7040
7805
7328
7480
7331
7017
7975
7105
7610
7350
7075
7317
7983
7731
7087
7208
7881
7959
7948
7670
7014
7781
7889
7541
7036
7540
7094
7802
7250
7718
7446
7041
7499
7515
7067
7196
7362
7129
7595
7159
7777
7106
7320
7566
7563
7882
7485
7156
7530
7676
7316
7041
7362
7184
7804
7238
7157
7171
7736
7000
7944
7386
7043
7319
7346
7188
7471
7963
7612
7756
7557
7674
7084
7416
7695
7791
7484
7353
7154
7290
7199
7999
7999
7048
7212
7808
7895
7967
7834
7876
7038
7480
7412
7376
7745
7138
7806
7493
7450
7735
7861
7173
7450
7565
7102
7754
7542
7307
7188
7235
7658
7893
7437
7739
7161
7775
7790
7167
7439
7594
7570
7620
7718
7629
7650
7715
7980
7475
7478
7643
7430
7557
7489
7713
7133
7173
7427
7421
7479
7846
7481
7532
7465
7722
7447
7750
7616
7450
7029
7516
7751
7180
7183
7776
7346
7716
7910
7064
7841
7689
7996
7024
7240
7986
7149
7859
7731
7069
7200
7158
7463
7796
7973
7897
7380
7133
7337
7659
7566
7197
7253
7529
7635
7552
7093
7738
7407
7215
7828
7498
7586
7166
7372
7985
7283
7337
7459
7807
7455
7442
7841
7319
7114
7602
7110
7093
7853
7546
7337
7869
7600
7764
7154
7410
7279
7427
7969
7351
7888
7563
7872
7933
7109
7807
7843
7906
7877
7286
7184
7986
7213
7584
7881
7309
7379
7202
7623
7477
7835
7052
7912
7450
7602
7740
7457
7363
7088
7953
7678
7163
7995
7973
7190
7718
7198
7743
7956
7719
7120
7221
7320
7335
7993
7307
7381
7700
7175
7746
7395
7980
7959
7584
7636
7156
7208
7503
7756
7705
7257
7869
7017
7618
7058
7320
7426
7976
7423
7363
7244
7067
7689
7890
7960
7899
7567
7350
7072
7720
7067
7933
7392
7926
7463
7353
7769
7176
7517
7555
7584
7584
7990
7444
7574
7840
7794
7576
7569
7008
7462
7207
7951
7676
7108
7633
7066
7177
7436
7662
7567
7780
7864
7927
7713
7816
7030
7796
7586
7418
7662
7339
7282
7818
7347
7842
7832
7352
7111
7777
7429
7977
7926
7055
7584
7893
7829
7375
7732
7382
7739
7894
7941
7854
7677
7364
7769
7901
7344
7957
7668
7334
7335
7387
7332
7685
7605
7154
7764
7744
7388
7351
7323
7231
7572
7070
7228
7145
7423
7959
7400
7324
7409
7195
7255
7409
7469
7465
7758
7658
7594
7319
7691
7304
7748
7663
7932
7245
7783
7273
7197
7507
7535
7055
7975
7799
7130
7009
7734
7630
7599
7668
7755
7874
7640
7737
7521
7192
7067
7888
7787
7162
7847
7024
7770
7132
7329
7116
7300
7669
7981
7963
7783
7284
7402
7379
7086
7460
7462
7371
7970
7798
7849
7020
7394
7025
7142
7132
7125
7169
7388
7919
7244
7377
7323
7233
7013
7398
7905
7300
7170
7873
7588
7179
7039
7832
7274
7625
7010
7107
7276
7673
7894
7894
7217
7867
7048
7432
7166
7471
7298
7894
7812
7761
7581
7516
7186
7945
7681
7809
7681
7045
7904
7630
7703
7702
7633
7204
7826
7332
7345
7271
7278
7015
7027
7474
7586
7475
7648
7784
7373
7886
7378
7212
7014
7330
7690
7774
7345
7538
7441
7227
7293
7242
7316
7503
7378
7143
7800
7178
7456
7784
7253
7588
7842
7600
7824
7142
7666
7145
7944
7119
7310
7695
7777
7687
7656
7566
7583
7508
7899
7712
7938
7926
7657
7327
7184
7505
7665
7788
7009
7567
7022
7577
7364
7247
7099
7073
7134
7750
7563
7762
7602
7920
7781
7988
7396
7891
7228
7313
7480
7657
7524
7337
7512
7536
7008
7888
7402
7223
7649
7990
7935
7287
7609
7092
7336
7795
7494
7158
7748
7166
7577
7457
7276
7848
7294
7162
7135
7596
7407
7000
7793
7665
7577
7623
7174
7915
7623
7074
7005
7133
7117
7468
7855
7078
7869
7899
7535
7453
7525
7242
7443
7138
7826
7914
7985
7858
7174
7260
7509
7062
7212
7717
7702
7369
7652
7750
7793
7764
7378
7903
7476
7808
7273
7848
7701
7160
7861
7668
7315
7488
7654
7434
7170
7629
7377
7265
7572
7947
7624
7295
7955
7173
7913
7158
7259
7068
7812
7876
7068
7599
7749
7901
7517
7532
7850
7111
7364
7832
7535
7834
7586
7168
7229
7914
7683
7181
7385
7386
7595
7102
7640
7807
7292
7540
7016
7598
7564
7991
7202
7163
