8444
8147
8243
8519
8990
8433
8757
8308
8344
8037
8895
8071
8593
8190
8558
8754
8622
8827
8457
8299
8191
8290
8863
8942
8844
8354
8514
8241
8584
8233
8649
8644
8984
8859
8579
8763
8477
8016
8511
8849
8188
8056
8065
8922
8039
8837
8575
8198
8693
8781
8513
8901
8716
8803
8031
8203
8367
8185
8884
8274
8426
8748
8392
8926
8034
8732
8420
8129
8306
8607
8175
8076
8424
8017
8957
8990
8078
8649
8630
8100
8316
8395
8629
8317
8306
8125
8303
8729
8187
8033
8315
8478
8158
8486
8777
8478
8590
8427
8195
8688
8369
8610
8792
8801
8310
8260
8967
8079
8143
8414
8897
8346
8838
8720
8943
8935
8052
8638
8818
8146
8933
8973
8514
8152
8639
8691
8774
8311
8736
8267
8082
8954
8495
8124
8879
8292
8395
8630
8020
8152
8137
8312
8794
8267
8889
8688
8829
8751
8647
8216
8206
8492
8079
8673
8661
8197
8609
8919
8356
8213
8765
8785
8959
8412
8912
8771
8360
8890
8380
8842
8599
8350
8349
8883
8270
8883
8928
8224
8770
8400
8910
8312
8645
8178
8558
8378
8993
8625
8713
8790
8335
8916
8855
8496
8669
8689
8535
8546
8622
8141
8811
8956
8396
8516
8618
8843
8696
8054
8751
8779
8650
8631
8758
8994
8188
8408
8479
8315
8544
8623
8939
8851
8138
8752
8083
8604
8673
8550
8776
8548
8151
8467
8398
8113
8847
8543
8633
8107
8406
8680
8753
8022
8050
8167
8138
8642
8343
8075
8244
8521
8768
8460
8074
8748
8955
8325
8526
8290
8613
8135
8713
8814
8277
8527
8223
8076
8045
8819
8705
8905
8842
8590
8796
8356
8652
8717
8055
8716
8673
8341
8435
8903
8013
8108
8059
8611
8124
8712
8394
8517
8855
8143
8123
8541
8565
8637
8972
8690
8425
8196
8508
8559
8225
8163
8307
8705
8311
8781
8969
8900
8256
8004
8902
8257
8409
8186
8113
8406
8178
8972
8972
8426
8403
8955
8652
8763
8370
8777
8127
8790
8887
8357
8102
8602
8607
8418
8914
8146
8572
8138
8523
8245
8854
8298
8163
8172
8386
8443
8816
8143
8832
8613
8233
8356
8619
8175
8432
8501
8218
8295
8830
8789
8987
8466
8772
8503
8199
8545
8037
8842
8865
8193
8465
8877
8600
8965
8948
8051
8403
8794
8854
8811
8996
8535
8139
8695
8501
8351
8418
8343
8463
8964
8283
8602
8618
8513
8594
8240
8095
8188
8232
8958
8793
8702
8080
8694
8801
8336
8983
8451
8625
8549
8172
8118
8656
8630
8208
8360
8988
8638
8303
8029
8718
8378
8540
8897
8759
8820
8827
8626
8497
8229
8847
8761
8792
8652
8812
8750
8439
8920
8343
8055
8150
8597
8993
8540
8489
8158
8178
8802
8477
8176
8194
8011
8915
8895
8947
8911
8903
8368
8811
8289
8274
8153
8094
8687
8139
8120
8920
8215
8900
8543
8039
8315
8016
8497
8047
8537
8715
8020
8999
8298
8186
8227
8056
8293
8538
8782
8438
8951
8772
8040
8135
8992
8037
8861
8177
8669
8428
8446
8696
8318
8813
8459
8709
8156
8755
8051
8906
8945
8602
8563
8145
8115
8801
8793
8621
8670
8678
8851
8256
8933
8956
8105
8507
8269
8656
8044
8724
8830
8409
8329
8994
8575
8838
8414
8708
8621
8129
8784
8783
8960
8217
8695
8566
8850
8541
8174
8764
8012
8668
8786
8637
8366
8722
8439
8474
8203
8813
8906
8995
8559
8822
8726
8199
8046
8242
8110
8311
8123
8024
8436
8401
8649
8309
8956
8129
8569
8747
8360
8057
8289
8296
8992
8280
8253
8915
8037
8201
8597
8017
8443
8434
8019
8702
8593
8821
8775
8159
8254
8732
8985
8267
8178
8005
8226
8250
8470
8509
8199
8894
8881
8025
8595
8078
8743
8071
8799
8626
8104
8923
8521
8880
8475
8534
8319
8692
8373
8872
8070
8439
8426
8534
8531
8143
8855
8607
8325
8756
8801
8360
8061
8770
8269
8927
8668
8874
8085
8293
8327
8651
8540
8629
8881
8790
8070
8225
8006
8471
8463
8859
8095
8783
8247
8217
8582
8950
8702
8962
8567
8966
8873
8565
8538
8027
8865
8712
8945
8319
8381
8686
8410
8906
8412
8418
8562
8798
8537
8456
8404
8120
8995
8395
8821
8875
8519
8441
8789
8846
8092
8546
8253
8654
8667
8759
8063
8174
8505
8976
8878
8842
8387
8702
8563
8556
8957
8567
8353
8661
8103
8943
8614
8325
8540
8132
8238
8382
8864
8882
8269
8194
8885
8908
8153
8142
8514
8844
8242
8254
8873
8442
8479
8679
8315
8305
8686
8875
8323
8087
8488
8391
8163
8235
8719
8625
8671
8128
8508
8669
8972
8376
8537
8975
8084
8852
8384
8650
8170
8039
8246
8375
8252
8323
8264
8106
8434
8027
8536
8886
8657
8751
8284
8200
8516
8174
8715
8616
8607
8366
8149
8724
8761
8935
8742
8168
8695
8277
8726
8648
8303
8988
8848
8558
8647
8326
8053
8206
8826
8992
8884
8886
8012
8331
8625
8771
8211
8677
8815
8031
8018
8704
8155
8391
8202
8403
8791
8361
8007
8924
8671
8146
8885
8071
8627
8741
8486
8952
8945
8744
8449
8068
8063
8777
8759
8229
8946
8870
8989
8981
8302
8705
8386
8858
8091
8930
8180
8448
8832
8646
8019
8588
8918
8078
8761
8396
8052
8522
8916
8676
8858
8036
8658
8747
8436
8506
8528
8164
8485
8571
8447
8832
8061
8426
8515
8233
8073
8064
8545
8082
8574
8316
8165
8946
8657
8486
8877
8999
8253
8569
8702
8591
8994
8222
8073
8465
8127
8005
8777
8402
8557
8831
8371
8100
8527
8375
8378
8137
8881
8878
8495
8109
8308
8438
8834
8033
8123
8390
8119
8852
8861
8244
8695
8580
8471
8946
8802
8986
8805
8735
8766
8883
8157
8085
8055
8803
8497
8442
8747
8541
8615
8440
8440
8973
8534
8992
8605
8094
8575
8708
8434
8543
8286
8265
8036
8376
8227
8915
8537
8170
8481
8826
8404
8253
8947
8483
8406
8675
8710
8330
8394
8593
8199
8106
8850
8718
8177
8423
8803
8324
8922
8066
8338
8820
8716
8676
8689
8078
8331
8094
8827
8587
8792
8300
8927
8987
8163
8147
8237
8128
8196
8165
8457
8871
8706
8684
8237
8954
8036
8223
8602
8705
8415
8986
8159
8525
8585
8726
8441
8469
8885
8108
8807
8452
8459
8202
8273
8706
8483
8120
8333
8646
8982
8508
8157
8349
8074
8417
8512
8396
8888
8014
8451
8578
8699
8315
8076
8153
8286
8247
8403
8059
8043
8341
8310
8144
8004
8004
8311
8909
8008
8509
8308
8041
8564
8840
8754
8994
8642
8335
8359
8909
8851
8572
8499
8450
8021
8534
8802
8525
8377
8254
8017
8304
8355
8057
8850
8270
8031
8374
8813
8266
8933
8311
8221
8614
8552
8540
8341
8497
8864
8210
8093
8336
8890
8627
8741
8380
8449
8952
8724
8644
8684
8161
8717
8609
8972
8212
8167
8479
8799
8036
8360
8604
8142
8177
8813
8857
8927
8621
8944
8125
8424
8935
8159
8393
8289
8816
8109
8126
8844
8499
8695
8611
8084
8306
8901
8658
8095
8963
8402
8322
8754
8201
8234
8975
8047
8679
8416
8181
8573
8503
8329
8132
8317
8873
8856
8765
8108
8311
8167
8499
8786
8973
8743
8389
8845
8126
8972
8912
8923
8777
8047
8521
8834
8027
8889
8823
8846
8686
8169
8367
8638
8974
8147
8145
8571
8892
8302
8376
8503
8260
8607
8279
8381
8761
8255
8335
8523
8361
8950
8517
8017
8955
8266
8344
8733
8916
8064
8800
8548
8952
8382
8258
8782
8806
8114
8000
8375
8773
8811
8549
8326
8466
8346
8318
8860
8756
8964
8516
8418
8590
8071
8702
8639
8563
8958
8644
8061
8905
8531
8446
8135
8939
8896
8475
8529
8906
8538
8557
8308
8534
8867
8625
8013
8527
8251
8436
8912
8584
8513
8089
8470
8347
8059
8696
8104
8079
8336
8224
8167
8541
8158
8333
8186
8083
8254
8485
8283
8071
8632
8012
8334
8734
8219
8463
8791
8317
8989
8973
8247
8915
8956
8706
8067
8018
8223
8069
8281
8386
8692
8345
8383
8846
8230
8553
8578
8586
8506
8396
8152
8921
8414
8545
8138
8142
8559
8884
8658
8120
8046
8021
8949
8657
8703
8202
8532
8975
8333
8555
8453
8537
8157
8611
8641
8414
8493
8782
8602
8078
8825
8350
8307
8492
8514
8464
8516
8875
8739
8459
8616
8278
8858
8720
8860
8116
8942
8797
8103
8736
8387
8804
8689
8575
8304
8417
8689
8602
8425
8984
8671
8491
8118
8573
8874
8660
8039
8277
8630
8074
8994
8185
8150
8305
8579
8883
8667
8058
8158
8520
8358
8751
8516
8454
8632
8712
8496
8303
8971
8261
8205
8988
8979
8339
8734
8797
8815
8924
8865
8852
8215
8383
8985
8561
8497
8294
8566
8976
8531
8718
8283
8367
8495
8290
8932
8483
8966
8216
8266
8923
8514
8389
8205
8404
8941
8636
8581
8451
8351
8913
8588
8545
8872
8164
8379
8904
8963
8489
8320
8788
8066
8717
8081
8573
8220
8187
8576
8641
8488
8116
8370
8038
8372
8196
8021
8125
8671
8553
8222
8226
8727
8359
8189
8616
8847
8575
8253
8897
8585
8678
8772
8155
8988
8281
8923
8511
8618
8574
8314
8051
8441
8502
8236
8606
8660
8279
8834
8163
8445
8718
8150
8407
8801
8794
8118
8189
8783
8427
8683
8897
8591
8928
8222
8370
8100
8312
8206
8920
8453
8169
8608
8940
8333
8653
8203
8943
8781
8266
8606
8603
8787
8856
8737
8461
8994
8957
8285
8260
8893
8204
8209
8772
8441
8973
8210
8891
8374
8222
8989
8245
8737
8254
8204
8962
8609
8802
8268
8804
8676
8265
8319
8655
8934
8170
8842
8577
8998
8981
8981
8322
8988
8575
8138
8085
8082
8695
8796
8499
8951
8149
8798
8657
8978
8818
8060
8760
8337
8387
8562
8314
8901
8975
8576
8292
8298
8960
8974
8687
8360
8638
8650
8497
8049
8591
8075
8872
8080
8619
8888
8047
8698
8251
8770
8057
8748
8369
8291
8353
8920
8939
8170
8860
8253
8177
8061
8703
8641
8742
8289
8730
8670
8364
8376
8758
8007
8552
8879
8058
8014
8092
8347
8057
8227
8883
8144
8480
8394
8327
8702
8307
8770
8686
8200
8783
8054
8011
8018
8842
8033
8841
8254
8591
8259
8291
8251
8429
8642
8502
8555
8871
8343
8584
8712
8110
8471
8801
8434
8243
8962
8743
8287
8361
8651
8681
8191
8974
8341
8633
8763
8219
8270
8892
8154
8681
8970
8758
8239
8531
8655
8630
8979
8138
8544
8857
8410
8483
8473
8682
8373
8309
8086
8527
8667
8015
8632
8759
8020
8326
8877
8535
8684
8196
8723
8227
8089
8716
8041
8834
8161
8818
8777
8115
8146
8696
8174
8316
8607
8330
8390
8289
8476
8227
8084
8305
8199
8705
8117
8140
8195
8795
8900
8720
8034
8347
8604
8891
8982
8454
8098
8723
8508
8847
8357
8713
8557
8860
8683
8044
8219
8017
8945
8962
8364
8992
8550
8721
8014
8043
8077
8564
8535
8904
8581
8841
8984
8322
8118
8223
8734
8544
8106
8309
8692
8847
8870
8013
8528
8771
8868
8791
8456
8635
8447
8826
8785
8425
8281
8317
8572
8945
8716
8548
8526
8977
8555
8062
8234
8479
8916
8795
8676
8649
8950
8107
8349
8612
8721
8554
8342
8208
8293
8759
8019
8075
8130
8484
8558
8346
8801
8375
8477
8175
8095
8047
8713
8291
8004
8067
8644
8908
8499
8676
8174
8610
8608
8058
8963
8156
8856
8676
8812
8056
8066
8345
8801
8295
8785
8492
8041
8390
8170
8581
8173
8129
8665
8129
8303
8418
8922
8795
8306
8223
8510
8564
8822
8242
8509
8446
8546
8025
8026
8991
8606
8518
8999
8273
8309
8425
8461
8910
8283
8330
8808
8064
8313
8035
8230
8759
8498
8249
8986
8379
8288
8915
8385
8865
8608
8114
8640
8995
8807
8489
8608
8064
8703
8407
8880
8491
8011
8023
8581
8279
8715
8793
8767
8487
8763
8633
8523
8587
8222
8932
8385
8103
8635
8651
8601
8318
8449
8425
8023
8573
8149
8278
8624
8290
8548
8646
8720
8058
8271
8276
8658
8673
8683
8375
8851
8341
8825
8327
8739
8860
8353
8473
8833
8563
8869
8797
8458
8752
8205
