9213
6947
6608
5389
2164
3806
6222
5609
9996
4509
6091
5175
3023
5877
2969
3518
5214
7495
8638
8759
4721
4745
3959
4411
4860
7602
5605
2846
9245
7010
8886
8530
3649
7644
8447
9338
9990
9025
4053
1084
7483
1705
1515
1985
9460
8640
7557
6236
2730
7228
8410
7668
3599
6327
9033
7376
8991
445
3283
4318
1138
1634
1862
8465
8238
7585
8697
2405
6793
6797
1667
4447
1532
2486
711
7077
7794
6059
7130
6807
3856
8998
5012
297
3632
9192
1860
2623
6165
6945
5118
9940
3539
4876
8576
8230
6134
5173
4995
9217
5840
9864
1037
3254
9505
439
3587
2360
9038
4088
9435
5172
6148
4441
7983
7674
8566
9553
6878
5388
2739
5716
4396
2833
339
466
7962
1447
8031
2300
9841
9411
3376
1652
9991
1142
9727
5249
4612
1486
1228
8908
622
5429
971
3162
5488
9163
9784
3317
3689
2443
2459
8857
593
7484
1718
2649
1334
7446
5724
2203
9269
9983
5244
711
4613
241
5082
8807
9740
5418
2207
1003
8613
7376
8663
4316
9369
6543
3320
2122
4746
688
9330
6789
3247
8439
4178
3204
9721
8377
7984
7462
9877
6488
2473
3987
9546
3101
9783
2525
3634
3313
1547
2408
8901
1992
6925
3715
6896
8794
5130
67
4677
7791
2797
2363
5148
2407
5208
4441
8167
3059
8673
784
5076
5043
7898
8637
8027
8509
184
6344
1559
2295
597
969
3762
1761
4113
980
6168
2242
2516
6243
7422
3181
4238
1359
1243
8527
1471
1867
7076
1048
8914
6749
3478
4244
1748
7273
2652
3045
6067
1643
6993
5375
4369
2353
3887
2240
8456
9635
2806
7753
263
6208
5960
2973
250
4022
8497
7445
4313
3773
6067
1693
1511
7409
2864
7759
9898
7275
337
3962
5018
443
4851
5438
3314
707
8033
3047
420
7123
4892
5188
6601
1948
792
7955
8182
9331
7952
4906
8794
7669
7450
692
9428
7777
3444
3191
6753
4359
3422
9550
7283
1211
9473
200
6941
981
4141
3628
1818
4120
2720
7606
1038
2557
9122
2803
2100
7611
1390
645
55
4565
9627
4227
9212
9761
1305
4448
6204
208
8742
5303
4656
8255
4592
7696
149
1513
1173
7617
895
246
9622
3540
8489
5413
90
9169
6426
7761
62
9768
7779
7411
4587
4365
373
7876
6672
1200
736
3548
5422
7687
5255
8540
2643
43
4927
1940
2429
9276
2261
8946
3952
2802
9759
4169
4355
1889
3642
938
6389
5912
8819
1025
5325
1094
4162
4222
6831
73
8737
3390
8058
9124
6922
5861
9710
9612
3006
8795
5115
8400
2818
1600
3924
7523
2899
4669
4322
4600
5210
6969
310
6088
2507
5236
9238
9282
3847
7123
6569
8352
1714
1129
8494
2337
5567
6911
7925
8761
6583
9808
6785
4722
4408
5267
885
4972
922
3205
3180
1048
1021
994
485
7981
8718
8576
7675
4965
2504
792
2450
9416
663
7650
3933
1443
8488
4701
7149
3988
4589
1576
1572
1604
5981
6959
40
1953
4855
9749
930
7703
4758
8250
2854
11
4032
1657
9821
4676
5001
2305
5439
6214
5045
4686
2828
5116
4523
7523
3289
5409
4197
8630
8952
1931
9907
9785
5023
2741
6927
9184
2075
2056
2395
7188
7694
6549
6055
5571
5331
5169
4926
8785
1938
7294
2672
3887
8735
1906
3643
6214
9421
3237
4354
7504
2160
3420
384
84
9920
8733
9909
1980
2041
5871
7535
9924
1328
6720
8660
2673
8576
7010
8284
828
3185
8163
5979
154
1258
3159
7964
7769
4494
5236
7257
1513
9154
5994
7878
7380
5134
1501
9294
4620
674
6832
1654
2783
7152
3072
9869
6985
8119
1258
9429
2615
6704
2506
9083
8211
9297
6209
8561
6449
7663
9298
9021
8645
6864
5881
2955
8974
8942
2152
814
6899
6360
5136
7539
1465
1442
2760
1590
3326
4045
7309
1070
9205
8818
4135
9459
4254
1511
8819
48
4881
4548
8754
9363
4631
3535
3661
2498
2757
7363
1395
5256
7910
6271
5777
3164
9956
2939
2253
9282
3363
502
3839
8395
8506
4634
5277
7704
847
6385
2129
5548
6173
193
3753
351
1956
4227
4442
7070
6558
6065
5906
4160
8074
4541
4841
5924
3126
7214
4675
662
6749
7173
1845
8080
3387
8271
881
5437
2425
5731
9328
3897
7914
7595
9962
5108
3105
8991
1045
5269
2060
4364
9864
5387
801
6548
6075
9199
7651
351
7837
8101
9985
4896
7137
481
1979
546
5734
6007
2162
5217
114
2779
5419
6453
1450
6534
8800
9752
6609
7450
9716
4777
5626
4285
80
9257
6875
225
7438
9987
5856
4532
1441
7497
3049
6835
1775
6793
5842
9561
381
9150
77
2198
2277
2083
4541
5979
1430
9730
4801
2673
6472
6427
9564
137
2283
496
8205
2862
1163
5789
3216
9398
4930
9669
7184
456
8266
5911
6007
1864
6093
8640
8435
2126
955
2793
5031
6388
8055
6161
9451
1502
5439
5078
3265
5379
1318
9693
4870
9098
5119
4593
4304
3648
4840
120
266
3893
3729
8592
9225
9367
2919
3193
8938
1431
3538
9180
2603
3655
4823
7449
5298
1076
7418
7839
7326
6577
8693
9315
2424
1801
877
3908
6341
1942
887
9813
6203
79
679
3961
3101
5195
8944
2045
8309
8965
765
5535
494
4328
4746
5373
1003
2393
3440
7192
5910
9924
6107
7896
9849
7023
1098
7496
355
2139
5123
81
7895
4840
752
101
647
5976
4602
562
6777
8892
1072
6823
2355
7738
9588
2546
568
3504
3746
1591
6607
402
4846
926
7100
4848
7321
4739
269
9299
4223
4881
9795
8950
2849
3816
1067
3233
6394
6618
9928
3584
640
9526
5311
34
2280
588
6895
4925
1430
7136
8346
2623
1216
6985
3013
8976
4142
8425
6264
6019
257
1158
1618
3291
3181
9687
7500
6570
3092
2875
4408
9685
8160
4546
7382
6275
3580
5183
8466
964
639
6757
974
7214
9735
9983
4312
6611
8078
9964
5431
2687
4028
1479
9623
9917
3512
6596
6639
7640
2364
1607
347
2815
484
1135
7579
6194
1010
1039
4391
8665
2258
3196
9229
7956
6949
8386
505
5197
108
9394
9408
3258
3379
8406
3768
814
487
8150
711
6975
5301
5682
4119
9090
9345
7471
8483
6258
5696
79
2577
5504
7682
6777
9324
2693
9359
7863
4476
2290
1965
6446
3764
3656
5707
3033
3241
9860
6798
1374
4986
3362
3253
8322
1343
1506
4490
8632
8786
4456
6888
7652
6388
109
8308
6030
6286
7699
6441
4562
726
4038
3396
5461
9098
3806
1913
6082
9628
6001
5199
2961
2233
7846
1615
4409
8455
5971
8708
7549
7371
5032
7215
6690
4309
7956
2299
7713
2953
5701
4247
855
2010
5038
3173
7849
9156
1472
1855
7749
2246
5163
8961
276
827
9454
1334
9772
4532
9498
8450
7954
5603
9588
9145
4221
9030
7642
459
6021
7966
3949
2221
9017
924
3964
4725
976
2551
1489
2066
120
972
7973
3269
5179
4386
5422
208
5663
1672
1561
4457
2076
4798
7203
6762
4072
5085
9169
9641
2958
7188
3935
3295
1022
8128
7061
4568
5533
6103
3158
2262
9261
5825
7026
5905
9096
5059
5164
5407
1078
8345
4101
5276
3966
1775
903
4294
3000
8477
3758
2424
3441
1405
3056
6385
6264
3626
9166
1712
5813
6231
2210
3295
9769
8648
4568
4281
913
7409
7657
7688
4052
1290
9155
5375
9468
7019
8692
8881
993
4042
4037
2445
3313
2046
4260
6631
7164
7390
4345
2707
1995
220
4458
1072
64
6951
5114
7151
3273
5937
2588
7775
3502
7679
661
9671
5338
1734
2703
1167
2295
5752
906
2475
6690
1306
8590
8980
941
9521
5147
4821
4387
937
4961
9215
7302
6194
7676
937
2772
8743
4087
4296
7208
6780
2017
5479
6893
9395
3708
9059
4382
9211
1042
7206
1624
6630
4770
2222
2913
9622
4041
3913
753
5075
764
2271
3982
587
4689
3419
8439
5638
926
7671
6822
6341
505
7236
9400
663
2126
387
3881
5336
4591
4195
9688
6086
7094
3655
2314
7601
8053
5171
5466
6734
3615
2131
4174
4232
5951
5688
7748
9700
4726
6368
3484
1183
1250
4049
7871
3734
4266
5889
7741
689
6214
6805
9285
1613
5067
4212
461
7334
5605
3816
4449
5341
7196
3248
488
7115
4793
7829
114
562
962
6407
6941
1228
6977
7314
9783
6291
5059
2051
526
9132
3740
7201
179
3169
7463
570
1565
6217
1131
6907
5722
9861
3402
2939
9856
4970
5619
9204
482
7511
3527
5119
7854
674
9177
8460
3491
67
6158
7915
3184
4588
7203
8506
9047
7219
4734
4059
9536
414
2717
7008
1962
7338
5003
1174
9932
1416
8145
4364
5130
3365
4793
8030
5491
3892
3325
2162
3095
3482
4862
2558
7126
3237
7521
7956
8004
6010
2995
3868
2712
458
350
3180
547
7728
5475
4774
3470
2073
6775
718
1085
992
43
9175
7792
3414
5379
633
9127
3115
6776
1264
3429
8843
8
164
2398
2120
5435
7041
9306
783
5297
306
4684
4010
6167
3791
6043
18
2905
6432
3151
6846
241
893
2104
5596
8797
7028
3800
6091
111
2229
1809
2787
3886
5021
7929
9329
825
2766
2538
1379
2812
5751
6598
9404
619
277
7143
6037
7899
1030
229
6305
2816
8821
176
9178
4609
743
4781
8589
1016
1969
254
8175
3925
5588
5146
5947
274
8870
124
8905
1489
4222
8166
9052
1634
4908
7446
6456
5345
5267
9921
2397
1596
9187
5708
3413
4706
2903
6362
1494
4198
4904
6192
549
5379
8044
3396
4440
1210
847
5219
7093
1366
7388
1729
8796
8337
5992
7580
3181
3039
3723
4329
8088
8408
4827
8864
5440
7363
7255
6324
538
9982
830
9258
7128
6459
7033
9323
2716
6772
379
6308
4859
5966
6164
3867
5601
6795
1612
4812
1194
9785
6658
6017
8420
313
2689
512
2639
7754
3964
6542
1565
5844
3734
4657
892
1392
8480
8468
7117
6084
6272
3139
8288
8493
5050
3014
606
6981
4286
4075
6498
852
4590
3276
8805
5666
5465
1663
6118
5146
7993
3068
1362
4250
7558
3657
5909
4680
9685
3297
2461
9935
8656
2420
1142
5623
83
3560
5704
2482
2400
3261
5162
8498
5776
2861
9649
4872
1063
8178
8233
8871
8498
3474
5374
4167
4368
5494
6551
6742
410
8808
4752
2872
7361
8747
7491
3679
8706
7556
8979
1015
5928
3669
1876
7256
78
1083
762
7390
7151
6077
1244
3685
7404
9077
2740
2509
2057
6411
6199
77
9621
9149
9179
8820
7205
8811
9210
1467
7036
1022
3666
8631
7160
4857
550
8058
7483
6951
1988
6009
7188
9284
3651
4712
5339
9144
1049
6433
1750
9294
3479
211
8490
1810
7938
1223
2865
6377
1951
894
1748
571
3402
1079
9237
6395
7122
5356
4892
39
6453
2908
3292
810
9427
20
2161
1615
177
2054
7561
2193
5165
2683
1884
8253
4297
7780
5257
2425
5990
6140
4766
5566
9102
8858
7123
7552
4414
1075
6628
3102
6366
2044
4233
3669
7759
3724
3092
9583
2192
352
9591
9209
9436
7657
4239
6690
9315
9584
5729
4046
9188
2377
5279
5195
4708
7669
1782
492
1901
865
3208
352
4166
6972
2161
6983
1099
5782
4840
6043
6697
5732
6564
3097
2152
449
4856
2243
6437
9438
700
9582
5771
4921
6442
1894
1166
1483
322
3026
9411
6124
3834
3202
7151
2289
9862
9125
8187
7717
2864
9815
2369
6486
8996
2935
1605
4262
3114
2790
2515
8227
4240
8859
5345
9696
355
628
8208
3025
6763
5831
8453
198
7153
1655
9214
9567
8509
4162
9155
574
9456
5271
1915
2377
250
677
8168
5198
153
1358
9408
9522
2032
490
425
482
6655
5464
8960
7691
1477
159
2869
1300
6670
3171
9719
4201
8778
5460
6424
1507
6605
9584
4300
482
700
7496
5123
9468
4378
7855
2833
3183
8559
3455
5271
9363
9506
7414
6927
6636
2067
6366
9833
6779
6200
827
8653
4867
6913
4349
4972
1657
7914
1893
1208
36
6253
5235
1692
3828
6945
8174
153
8960
4051
2910
2175
3015
6447
4163
2052
3432
7515
2936
6644
6925
912
5297
9749
1314
5110
418
5701
9956
8011
5530
770
6356
7280
8588
8054
4570
5536
8158
6110
5559
5454
5002
9989
3955
9978
5522
1153
708
1999
9024
570
8256
4764
3436
1634
8282
8733
646
9926
5512
3717
8515
2015
8357
8138
3333
5397
1490
8254
4947
5857
9592
9877
1192
8349
6809
5720
4551
11
1300
4692
8444
7071
7270
7183
9725
1673
9518
6778
8271
8851
393
9052
4277
9155
8796
4512
5299
8909
2305
1196
1298
9465
8232
7596
2524
2252
1310
6956
9686
7142
4795
47
8926
2135
7333
2478
7977
5006
6290
4704
9551
9584
1115
242
1715
8481
8109
9460
6202
1075
153
9808
6461
7368
5386
9287
826
4213
1254
7386
2660
7445
8718
3234
5658
2998
4144
5804
3205
4389
5868
6053
4859
7073
2291
6333
3601
8750
27
2699
3982
8041
1679
2973
1802
115
643
6474
9605
1244
6533
3223
1076
6605
384
2434
918
9201
810
7262
9141
7249
7197
891
4967
4347
5203
1681
5140
4174
1738
8713
4482
3589
8071
8168
4733
2589
6327
6201
7538
1301
2896
2422
5706
5361
9878
2627
8916
4859
7737
9847
4171
583
9388
8455
4359
3264
2448
4865
1935
5364
8527
1618
3036
634
5733
5716
8456
9819
9081
6216
709
3604
1257
1500
8107
886
6403
3529
5801
2216
8592
123
1981
1434
1850
5806
558
8166
6431
7729
1638
9365
2958
6154
8462
4924
2877
5046
7201
9969
7805
6139
3666
4781
1909
4076
6474
1680
1164
3496
9465
876
3795
863
606
6975
7246
9730
8849
2608
8386
4486
2302
3989
9482
3668
7660
5327
5492
6401
9019
3635
4232
1973
3949
1717
2873
2282
4523
6867
1044
403
1800
4667
8197
3702
6194
7338
1625
7368
5588
3714
4222
2707
6297
7463
6295
5990
8284
3607
8412
6313
4203
68
2686
5532
7193
8207
4087
3803
498
8066
2208
256
1577
9721
4524
7413
7886
2766
8194
4676
4203
6785
2520
3565
4461
9808
5322
7939
5520
2680
7658
3123
9379
9832
6002
1922
171
5743
2917
6114
9204
8370
1923
9121
5313
6539
8299
2543
6580
4336
5563
9017
6266
7519
290
7479
4990
2228
391
1374
6013
9639
5043
850
9929
6277
2521
2764
3591
5401
4677
948
5924
374
8546
8332
7812
4083
7590
5320
5643
1700
4216
6893
532
2738
6434
8197
5262
9990
6241
7884
3319
1975
2281
8523
913
8717
2886
3823
7425
6433
7181
7844
662
243
6896
6531
7046
9751
8705
7925
9140
8990
9230
3091
3534
1420
7418
1340
179
619
9373
9362
6722
9388
81
5969
9837
5509
5085
253
1276
6091
303
7799
8862
4605
4498
523
9659
9610
6016
4377
9317
1393
9440
9438
7196
9651
656
4079
8960
1927
3374
866
2529
2442
7680
7897
7939
6944
1316
6139
1054
8860
5921
720
6913
7943
6044
2968
7158
4384
8423
9145
1601
8001
7331
7812
1650
4122
7399
1171
4810
893
2441
433
9674
1397
1816
4437
7078
739
124
13
7033
6918
1926
9203
8722
6470
3185
3342
28
1246
1834
8664
5196
7220
3611
1799
4131
9542
4274
6587
2099
9554
2081
6707
3199
6353
6287
4444
1371
1938
4156
4534
6338
4479
3089
8821
8022
734
3494
4929
2401
1350
173
5578
8507
4796
7099
3437
8613
1769
3399
9739
9121
9977
2603
4332
293
6755
808
3487
5380
816
4118
1212
9644
8890
8584
9449
7151
8226
1102
5077
6665
7646
3220
2244
5552
765
5528
6024
2330
520
2889
9064
6600
1656
7898
9056
9615
6670
8694
7316
4343
9794
1870
9410
2173
7499
126
5683
6979
2151
3805
9598
5799
3145
1219
7898
1809
3485
9077
6477
3046
5784
9723
5733
5418
8928
9843
2354
6818
4021
8447
4607
952
1996
7033
4859
8087
6566
7590
8296
6133
65
904
6783
3761
7451
9022
9550
3746
942
8342
6464
3343
4748
5587
135
1869
5416
6106
3064
8771
8302
4021
6931
9577
6929
8250
1517
2831
5120
1606
1260
3130
9619
1155
5694
1017
9288
9705
4790
7782
9028
6929
1317
8215
2568
6948
241
2116
5650
1682
4068
4100
6829
78
724
8944
5110
3382
3050
3337
2747
7393
6033
5109
5122
2401
4877
1652
2820
2312
9254
240
8853
4823
9488
7939
2576
4594
6519
2420
5603
9503
1276
9609
7588
5789
6599
7648
8047
3409
8487
7112
1261
3563
606
1226
1202
8487
770
1157
2547
9072
7761
2135
2082
8159
2612
2487
3160
9857
8606
4927
6766
5462
1426
8424
7928
3621
7823
4477
8927
7150
9257
3793
7721
9592
9444
7245
2694
8920
5711
7554
4826
8499
9179
9532
8850
9882
8695
4727
437
3253
6762
3691
5481
5339
2187
8723
4430
6812
5200
3468
8667
9569
4162
985
2147
12
8073
323
5283
2041
1993
2253
4316
9862
1433
7813
1927
3039
8731
4359
5706
6161
8733
1787
5813
6145
8251
3135
4025
5333
303
4576
3606
9263
7511
6209
1183
3627
9632
5678
2365
2830
932
4379
8812
5293
1998
7045
2518
9552
2806
3338
3290
1147
5869
5956
4985
5724
8902
3312
3597
548
1455
3677
7622
6700
588
2208
6450
4041
4174
6421
4551
569
5268
9295
3600
4205
3006
176
4083
3505
5978
149
1403
7206
1118
6809
8695
417
4288
7050
2590
253
773
9128
477
9755
7220
6585
3310
3322
758
9721
7158
5617
3885
5999
2428
1704
1966
2475
8849
743
6348
284
7856
6486
1683
6558
1700
36
9517
1408
9632
4164
2068
355
8703
3777
9989
4799
9049
8866
4301
6016
7502
8040
675
4253
578
6612
2498
4729
5877
3909
6561
6258
6094
2159
8976
8791
1939
4552
3809
4727
4872
4381
9937
180
961
4353
7826
1975
5798
6101
7798
3869
3138
6994
9498
4238
8343
2531
6092
7566
1811
1104
5723
4909
5127
6822
6874
8345
3561
8098
5712
4771
1736
1708
5119
7535
4983
5424
4126
7237
6649
7095
5653
4084
8839
8324
8693
5814
1056
4875
9426
7775
3182
5388
1935
9631
5329
5005
100
3351
8090
7509
5133
232
9942
6949
2802
3782
3589
225
9087
9564
6518
8652
3455
3130
9921
8562
8858
5017
464
6478
4456
3982
3291
5196
4416
8013
8126
5961
3490
9141
1657
6166
494
2825
5093
9004
2735
3087
7694
7577
9847
4289
3361
7256
6839
3106
6323
8783
299
3690
9963
9986
417
7858
6045
6548
8004
1835
484
3390
569
5144
4027
8856
6469
172
1417
8885
9449
1918
4743
9931
267
3945
3326
1615
3282
1968
5618
1215
1870
9054
6581
2473
4145
3852
8841
7930
4542
7740
8950
3680
3949
6594
3812
9232
6727
3731
5686
7700
2660
6117
6019
1484
3919
5158
6258
3941
5683
4760
9473
9480
7717
7481
3170
9673
3117
8113
771
7903
290
405
2008
1907
7616
3577
9943
3698
8201
227
1440
1501
5765
6298
4791
3456
8599
1660
6896
5183
5231
2399
2821
8747
8117
5247
8295
2308
7752
2166
5151
809
6579
2730
5647
3644
4824
5825
154
7889
349
959
8044
9284
2752
8912
2391
7545
4055
7121
3724
3455
7000
7944
6354
6830
9042
9156
4566
5680
4679
4127
9264
4380
5542
5695
9117
5469
3273
2268
5838
6881
3256
8125
9228
4077
6040
3883
9719
6686
3939
3015
5402
202
6597
4759
9964
8837
3232
4955
901
7840
2781
8206
314
6251
3680
1720
136
7643
9542
9744
1226
695
718
2671
8230
3660
5313
624
1274
193
975
2803
7422
9429
4119
6881
6806
2755
4467
7385
6055
4535
2094
5401
6579
9691
4147
9448
7699
9947
819
8464
7856
6231
3922
9290
7821
8838
2815
4258
9077
8102
5407
7497
124
9250
932
6680
5477
1309
6991
5442
5136
3691
3727
7059
7725
3759
2292
277
7858
7103
7637
5697
4436
980
2010
1874
8821
8637
6935
1989
1819
850
8550
8348
3289
4758
6592
5554
9292
4742
4487
1850
7396
6655
5203
1392
6557
8908
6263
7121
9945
8188
6735
7030
123
2098
8633
1642
3507
1302
365
5213
3089
6249
6922
4706
1960
4022
334
9331
9088
1763
5153
3284
7944
8983
607
165
7222
8902
3696
5872
6572
7383
8454
4083
2233
1030
6338
9384
1961
3030
1140
4479
7531
46
7693
8861
2621
3636
3538
7517
421
2232
783
4805
9790
5287
1558
2916
5789
6415
3347
4632
432
9778
3437
748
7506
7012
2363
5774
9805
735
3664
8302
1484
5542
260
5250
9660
6470
7825
4566
2399
8952
5735
4097
1580
9971
7452
6772
4454
9422
4692
6443
3239
3811
1160
2230
9433
1663
4134
7697
625
1622
8149
4958
6153
4084
1027
8405
8537
6254
3182
4034
1857
4855
9771
7212
2133
7438
1254
1894
3780
1253
2470
6158
4871
2524
6700
9779
9267
9756
1592
8868
7899
5024
9096
5300
9718
5565
5119
2553
1000
4370
4301
9347
8351
234
5376
7770
7021
9134
9831
9952
2908
6040
4607
9045
179
6867
3100
2954
4980
942
8278
4829
5390
2799
3005
2195
9398
6148
1306
3619
2542
3476
1667
2063
4367
8885
6250
6718
1832
8294
9972
9989
8738
3244
9665
1764
9775
4043
9277
140
3647
4138
7474
5758
4207
5657
8903
9231
2334
1406
2105
5575
1901
6042
2612
9305
6339
3483
8381
1901
4890
2346
9760
8121
7801
389
4978
3070
2831
6391
4338
5791
5689
8275
8065
6364
2928
5328
3514
1452
66
6686
2495
2841
8219
663
7122
4229
8320
1760
8781
7371
183
3022
6575
3825
502
2870
8772
7961
7623
4125
1087
4982
2405
302
2614
7371
743
1722
4651
2655
3717
5721
1106
6093
3883
9630
9971
2152
8089
2601
318
3324
2580
6951
2342
7343
8173
340
3916
4247
9500
480
6889
3733
4425
7662
2455
2062
3654
7817
6541
2827
4540
2690
9077
3302
8673
2405
6651
4981
5091
1306
5156
9427
1364
9367
680
5449
1681
9218
6606
2572
2001
851
4659
8544
9927
8968
1479
1851
7347
9411
7972
9572
5163
9006
9627
5002
6897
1407
2109
4960
1762
1126
2531
3366
1467
4531
618
4675
8951
1652
6670
3326
5529
6924
2034
748
5539
5504
5866
6900
1233
27
7781
4959
9845
8017
1658
9371
7584
2640
3165
4142
1145
2082
9598
1831
1389
8575
3839
1136
1587
8032
7280
9823
5402
3022
5257
7372
5122
1865
5347
6590
5636
7844
6803
2830
975
8078
7572
6957
8608
523
1968
9393
8845
2401
3915
3082
3150
8927
1324
6883
2984
4999
4520
7445
3928
4749
5836
8581
6760
135
407
2333
5569
1444
9875
4247
6205
6377
8094
6166
7527
1206
1369
431
1266
1832
4524
9253
4466
3463
3523
5555
5547
8783
8250
3505
1733
9853
32
5274
9529
2255
5483
8468
5754
3102
5240
1502
5602
1815
1053
6616
1752
9140
7565
1628
1835
6762
902
3866
7550
6236
6155
81
2224
1324
5401
4154
9606
4897
7465
2446
104
5109
7281
1864
5077
7125
4006
7685
4035
5244
1875
3144
4615
6729
6543
2250
813
7900
6045
9103
9189
9280
2485
4163
6074
9954
3755
9171
4992
5231
1737
824
5625
28
3566
413
6741
3167
3362
9170
2500
5931
7109
4154
648
1705
627
9535
6604
3537
3766
6390
9211
9240
168
9452
8878
7987
5442
2847
8998
3466
1942
8713
3698
5144
8950
7655
2445
8095
8896
5657
6568
8904
470
1426
5936
408
462
9374
779
9966
8371
8627
5764
4537
917
144
7648
8870
9044
8307
9004
3830
4292
6855
405
1214
1149
2522
9572
3785
2562
4892
6612
4184
284
2515
1329
6906
6275
1596
4607
998
8424
3036
5332
1941
4866
7876
1123
3117
2355
611
8006
8807
2054
7013
9111
5698
1415
4393
6843
1713
5166
2129
5019
5007
2842
5554
609
8019
6471
1916
9163
2878
4779
2803
8623
3697
1282
6731
2412
7868
1044
6002
2520
1649
2784
2616
3627
8551
9208
2330
1239
4283
4488
6139
7891
4160
9172
2867
9875
8775
1725
4962
7077
4650
927
9485
1194
6754
3962
5721
2430
6408
6091
3590
6150
6584
4807
4210
4054
1682
9155
7727
9741
7547
1571
94
7501
4032
7725
1706
7162
5530
1001
3842
3263
7565
4792
8670
887
2538
413
4211
7727
2309
9004
7761
773
1249
9102
2249
7804
1062
7662
9516
8672
7957
6307
6991
64
3826
8458
3675
7069
4112
8608
2672
3645
3595
7433
1802
12
8031
6400
348
1808
9766
5819
6552
4456
4110
4217
6576
7888
8856
8283
775
9763
5917
4829
881
7902
4955
1200
2217
6413
8333
1285
4705
2868
8393
7783
2340
6092
2659
1702
4072
9096
5855
3340
879
7811
1412
109
5132
984
4556
7568
706
3692
4311
3364
7368
3276
9135
5409
7033
8559
822
1741
1656
5528
7003
1463
1601
2891
6620
291
4075
9545
6277
9698
1481
1546
1815
2302
8288
8037
9780
6959
8034
5871
5591
1325
9657
6622
7360
4098
1023
4312
5981
1403
6746
1677
9556
7515
3397
829
5020
4428
1353
488
3020
7155
5788
6225
3259
6862
768
8558
3031
6109
4235
3358
321
5323
2230
8327
4293
4679
1455
1339
7159
2323
3530
4214
5945
3816
372
6855
5209
4116
3751
1032
8215
7329
1674
3228
4821
4627
5424
4485
1623
366
8305
3087
4153
1474
9141
9388
816
4916
3660
6652
9592
3706
8443
1368
3309
274
898
59
9926
3184
8041
4495
9915
6914
1959
3200
1735
9201
4597
574
4648
5206
8535
8500
4499
5111
8042
2896
9301
269
8140
8431
133
4883
9956
118
9797
9885
9298
3919
5526
722
417
4334
8651
9464
4041
7711
9878
2187
8049
1663
6639
2953
3122
2915
6580
2301
711
760
1513
4582
8177
88
8416
1155
3446
1190
6420
6637
9593
7110
5087
8209
4405
4476
4028
6728
8371
6527
8951
6789
9179
6314
2256
3739
8726
479
3630
3369
1090
9496
2048
1218
5583
4491
4686
6893
7031
8505
4495
3158
5275
948
4692
8463
3528
427
7633
7815
2200
8899
7820
7828
628
5715
862
640
4215
6428
4726
5518
1694
2067
6173
7543
6012
5021
5412
5157
9594
4806
4697
8732
4236
9869
7433
3808
574
7488
4095
8967
2989
8831
6682
939
2770
5184
9293
1627
7769
6958
6768
1920
240
4334
2260
1736
5914
4081
9332
8352
6116
9023
759
8002
799
1366
6002
3368
8796
702
4809
4700
2486
6952
566
8191
520
8211
50
2178
111
970
433
6388
3706
7549
507
120
7439
1146
9284
6082
3319
9817
4908
174
6553
721
2994
7804
1588
10
5348
4956
9654
3648
6002
7475
2330
4064
9441
5639
9342
4130
5691
3565
8962
8980
6243
2364
8493
7327
3638
7821
6393
8983
6877
9586
5454
6964
6159
7648
1405
2680
4596
7386
7922
4349
804
4667
93
4284
1149
6832
9066
7772
6835
4576
12
9654
4946
1656
9800
3105
0
7383
4957
1966
2078
1507
3266
98
9596
23
1608
9995
6620
6474
5743
529
7950
8620
3924
9083
1643
9887
2711
7963
9774
2912
6266
103
4540
5585
6310
5429
148
1124
3880
130
7810
8357
3033
8607
7069
7205
4859
280
7920
5087
8766
6514
9878
6217
1635
9937
1822
2969
7496
2371
4238
1185
1090
2413
4932
105
9241
4207
8184
4423
6861
8246
2285
9261
2182
9999
3158
735
9033
4419
8357
1919
6278
5651
9583
1207
254
4785
6043
4402
6482
6360
4617
8936
2311
2026
1199
4212
5062
1796
6398
964
400
9151
8036
8269
1198
3510
2059
2904
8726
3119
159
3244
9242
6873
7532
8505
2234
2128
6437
4862
7433
399
417
488
7470
2210
8464
5000
9825
2023
5164
8528
9589
1041
5435
5914
149
313
1264
9204
7943
2209
6961
9627
8013
8742
4579
2275
8298
2322
17
7329
705
4122
2396
7510
8457
6523
5020
9768
5838
5724
3253
1102
1585
4512
7893
2135
1375
2362
3145
8152
4718
2253
1871
2353
5316
239
9735
3130
8626
1418
2962
5807
3134
1583
3852
7029
3470
9335
6327
2168
9920
5815
1357
3042
7255
3183
5286
9834
8271
9567
7642
311
2337
3622
8270
3984
7123
5513
5707
6401
1495
1261
397
8156
5283
2337
4071
2265
5649
1658
6179
4459
6956
4412
4151
6849
9563
546
948
6150
2938
2891
4615
9158
3556
1297
5042
413
4205
4295
4837
1293
5788
7534
1590
4043
7653
68
2208
3639
8212
8682
647
2983
3958
304
8265
4751
1073
2031
4992
718
5333
9426
261
6680
9402
9586
7374
9740
7000
6413
7256
289
21
6898
8624
7138
3768
5164
9802
3410
4397
1657
3765
5966
9426
357
5270
2958
9134
7064
3104
2600
7633
9752
9286
5281
2871
6700
3751
880
3030
1967
9576
258
4422
4781
751
403
3984
5773
5499
4959
1183
3259
8705
85
6995
337
450
9861
1941
1761
8008
5942
245
1858
4927
2662
31
1012
272
1711
2236
8177
4729
3810
4804
5779
8440
5763
7249
4700
5686
3121
2286
6614
8816
3952
9663
3303
7537
1349
1338
7968
4508
8909
6531
7218
6612
2059
8598
5278
7646
3292
141
2968
5166
2488
2322
8487
2159
1463
3454
5595
8287
3629
8719
7531
6022
3876
184
6475
4759
8196
3922
3863
2750
8642
1888
862
6154
2754
3105
9965
916
3626
943
5222
1805
9125
3268
8350
983
833
2796
8640
5993
6310
9429
6897
9094
5730
1235
2161
4023
8934
1456
9034
469
7591
736
9001
3603
4193
8355
8070
3623
8447
1956
8001
7961
4879
8271
8587
5812
3606
7743
1054
2778
8336
6804
1802
9285
1809
5267
2429
8711
6413
7832
3951
1683
481
1495
5111
3396
1996
6896
1741
2939
589
689
7612
3750
9898
8821
899
8892
6618
6346
617
3493
9472
5905
219
1238
2836
5886
7028
6490
6352
1695
8359
1548
5348
9353
2764
2866
2294
1005
8757
9235
5449
9754
3883
888
5129
5100
5194
5104
8001
51
3206
4734
4537
3966
1976
1261
2255
8230
585
1556
1312
2903
4089
6853
5203
8905
556
4687
1619
6925
4211
3923
1511
5219
2515
7955
2240
7480
3683
518
9006
2028
6039
8105
2463
8225
436
3712
6629
2512
5631
2842
323
7366
2311
2657
9316
6476
7308
8048
4040
916
8522
2544
7771
7391
7814
4171
6436
5547
3059
3650
2839
8938
9410
2858
8919
1310
3060
8256
3724
3856
3148
6238
1229
9360
8726
5397
1338
3126
5839
4698
7624
4727
6191
8014
5289
451
3866
9173
8456
5531
6446
3975
5839
9697
7897
2693
6469
9415
5627
6196
342
4473
6228
7253
8672
5863
8746
1317
8936
8283
9720
7359
856
297
758
7360
8469
4515
6081
8595
2048
4300
1672
7626
8249
9428
4530
174
4651
9938
2511
2254
1497
9313
8553
5923
3875
3793
6950
1364
8516
5822
3069
197
138
8350
4147
1194
6819
3027
7537
9178
3457
2576
6612
9519
1930
3256
3488
1657
2063
4595
9665
3538
7447
9578
3168
5804
6391
3841
9247
9527
8608
8196
737
831
2789
1626
7753
9505
2663
1510
7453
6158
847
2973
726
5368
8599
6914
2231
6186
9429
1052
8264
325
4085
4185
2542
2388
498
3564
248
1281
9297
5585
473
2640
8283
3889
6029
6537
4052
7186
1881
1939
6684
9126
4740
4604
6770
4611
5692
5845
9952
6531
4694
490
935
4625
7030
3024
2488
724
5111
5606
8555
9449
8311
2958
8768
4520
1810
1989
9040
7241
58
7054
8303
2223
8272
589
6528
2786
7185
5486
4436
7899
4848
7526
8977
3176
1932
9778
7307
3999
8477
1452
9074
3119
5937
8155
5000
8755
9677
7658
5021
6080
5666
9697
1289
8765
2782
1615
7589
3810
7868
3914
7206
5752
8297
5725
2567
864
2948
4751
5986
9472
2353
5188
6602
4777
4793
9901
600
6340
8226
6747
1457
6762
2951
7553
6592
4771
9892
151
597
9222
7248
9035
9625
9455
3238
6370
8221
3374
6578
219
6046
9084
7557
2517
2423
7465
533
6551
100
5841
1317
1325
3886
2237
3148
3603
5047
3925
3124
8393
4420
2931
6961
7174
9826
7923
8619
1097
2214
9414
2570
155
1893
6502
7630
4880
5453
9860
440
7597
8702
1821
9177
5283
9561
9947
8469
2457
83
5815
8674
7352
7621
4877
1955
9999
4500
1496
1500
9783
6808
6076
1313
7649
2651
2370
7263
460
368
8413
4839
5826
4205
3212
1186
3554
726
1641
4646
7032
6903
814
2308
9672
2286
887
3866
75
6211
5778
652
3840
5285
8547
6922
9123
9971
6980
8718
7786
1699
3082
3364
5372
2386
915
8518
4941
4921
9259
7379
7509
3624
3293
1628
5982
6610
2310
1115
4156
8868
9398
9167
2279
1971
8576
9736
1603
3297
9489
8044
289
316
5373
6980
4766
9971
7396
7511
1337
9414
6020
864
3458
6057
1480
8254
1198
7956
5359
3768
519
9786
7383
475
4944
5652
4583
5585
8807
4282
8332
8608
5347
1277
9851
4860
7644
9300
6598
1146
8665
6176
3722
4946
6373
798
9172
6063
1787
9273
1043
6071
4849
3562
7385
658
3921
6093
4172
681
1921
8529
1705
6044
3332
555
8088
2543
3866
3272
3002
306
4210
5581
511
2460
4416
8444
7860
9459
8394
4086
8601
4683
284
3351
3537
7833
1291
5842
7346
3282
1079
7434
6541
8757
5625
3947
6887
7537
5708
6595
9126
4084
3912
6992
6760
3314
3113
390
6124
5950
3886
7677
2212
4584
9678
8549
4914
6883
5077
4183
3071
7473
715
5594
9434
5390
6390
7551
1790
2678
7046
7177
7837
8932
3214
9020
2360
5240
962
9537
7552
1331
540
9555
263
5154
9993
9881
8800
6789
1392
1792
9237
3579
9955
8309
6887
4060
8734
3276
2015
1522
9500
8543
4723
5909
7064
6679
6581
5746
49
4576
2405
4711
6167
4684
5207
8510
1875
4534
8687
7779
2211
7665
6921
2579
9842
7229
3029
5043
1797
374
7039
3130
5218
8617
6237
3260
6172
4419
3121
4388
8873
8055
5918
734
7620
9900
1368
8142
8526
5057
8836
3776
7456
270
6158
8109
3579
8120
7482
6982
6944
6593
2978
9009
2028
474
7069
6957
523
9029
3009
835
174
1803
3999
6107
6886
3431
4285
6856
2464
8301
4514
8449
9051
8267
7898
2333
3748
3930
7176
202
1107
9824
347
7690
4414
8646
473
8459
5643
8289
1881
2306
5571
591
5565
3331
9026
9600
2604
5135
9819
3535
557
9130
6601
6395
3823
2231
2528
7270
2774
6243
3825
9497
2703
1339
4844
6322
6053
4091
8816
3003
3340
2212
2366
4104
5915
1561
5532
8653
3255
7047
1573
7081
6554
3518
5021
9988
5058
9760
8771
912
8101
2740
2383
9278
306
935
1178
5521
5908
689
4269
5991
224
1007
5394
7145
4861
3602
1287
6096
8243
2804
5985
9650
7643
3314
1100
5592
1447
538
5504
1341
1611
3586
3344
8581
888
4435
3356
5335
2842
5568
6695
7849
9239
3639
1987
9911
6967
3810
4247
815
4851
8042
658
8427
4646
2394
2826
6572
1601
9243
5101
9504
6139
785
297
6448
9221
7153
8871
441
7867
7357
4545
4261
2694
3678
100
6628
9118
7533
6833
8364
6381
9758
4046
1867
6159
6633
1418
2932
9877
7046
2173
1662
3513
5236
8125
3173
1900
9591
5885
506
8699
9388
4368
5614
7120
7833
8731
4135
7493
7814
2873
6428
5491
3426
1048
7347
9033
3556
2352
6244
3991
3999
8724
1338
6522
9216
7953
7942
5522
3015
4883
5151
2271
1936
7751
7226
7227
4301
5019
2465
2816
3634
8962
1939
3610
3260
7236
5305
7303
4574
5569
3264
1579
7114
5142
3944
6673
7785
1320
5288
5483
5191
6334
1691
3642
2686
1883
6331
7689
2445
1880
1864
5956
4468
5840
357
4582
4463
7989
2464
4912
2589
9137
1004
1861
7035
743
6157
4722
9186
1511
5551
8171
2922
6880
4915
689
505
6495
9814
7439
5501
9622
5328
6260
6513
8777
5670
6267
3215
4497
717
3093
6643
9395
8732
3416
8519
3803
8908
3345
6880
9394
6031
4726
6628
4126
8570
3430
151
9832
464
977
8001
8089
7564
244
5101
7150
9850
156
8656
8315
3219
6284
1940
9148
9540
842
449
7494
538
5411
8679
1131
1692
895
2554
7373
6180
8191
282
9114
5723
1235
6477
901
2320
440
2427
9270
3029
6926
1655
3607
3431
6344
3397
447
4375
221
1548
9900
2746
4267
1290
7577
9129
9403
9838
5055
54
991
6998
2856
508
3112
5701
4814
6945
5285
3361
7330
3131
1893
2870
1721
556
3277
9834
3665
1051
7941
9150
7105
224
6925
8318
6478
7516
174
9686
8138
6787
7531
688
5798
8871
1269
5374
5768
4370
1998
8320
3145
5279
8293
7603
613
5910
6288
7239
1973
3826
7512
5547
3193
1329
9390
8006
2718
7271
6715
6693
8448
8255
6998
9212
7577
3376
2238
8011
4520
7047
2391
2479
3884
9847
7634
8177
3903
1354
7684
4559
2240
6338
9720
3749
8728
7024
3809
1048
4079
4768
5896
9567
1079
5455
8820
1822
2117
491
1735
6208
9904
8997
3428
5552
6018
5557
3407
5684
5723
8523
1453
9383
3093
3085
3371
4481
8851
7090
6010
9893
6914
297
3751
9416
8081
8775
8649
1993
6173
4763
8052
4753
8037
880
1530
8039
8189
542
7281
5744
6957
6477
4944
6146
8457
744
5026
4340
2684
2970
3101
1652
9117
7479
221
9316
9060
1113
5530
178
3318
7942
4296
4946
4683
4938
4460
4410
5121
4679
5004
4569
1865
277
6031
8821
5551
4391
7444
7073
1288
460
8623
2615
292
4175
862
3207
3874
9196
9241
8172
595
654
8600
935
8838
2026
1550
5307
7763
8930
9379
9860
6100
1495
1504
2484
2012
4366
5940
6028
7051
3629
3299
4483
5562
8355
1005
9718
2241
2321
8701
9756
9673
793
344
5557
4203
7681
7733
5070
1622
692
5660
8356
4160
9653
9175
2067
2068
1825
7349
1481
7034
5872
9693
7756
5652
8312
5136
5316
3684
3902
9719
7542
5259
5273
8939
6430
9980
7461
2388
3689
5935
4129
7657
1052
5538
198
2150
4581
5354
340
5852
2780
1399
2202
4226
3989
3429
529
601
2389
9791
3958
1117
557
2606
7811
519
6024
4974
9561
3759
4878
6562
2044
8975
6834
3950
7979
6835
9343
3970
650
1389
7257
5799
7726
8629
1571
7538
948
1005
3949
4117
2638
7362
5335
4037
8059
6110
214
3846
3986
7243
7777
9586
1931
1314
2826
4312
4442
5665
1796
4881
9705
3179
8421
7903
1008
7818
6025
2494
4836
5695
3264
748
2937
9690
565
4565
4053
2437
9868
6534
9827
9370
7480
9587
2481
6133
7750
3749
6679
1941
9801
3259
1091
4892
1859
9761
1861
2613
9932
5054
9108
7301
1874
503
8908
4570
5134
6529
2501
1376
4574
7268
5569
9186
4581
1451
753
2446
2011
6695
7604
2097
6226
2115
574
5858
422
5139
2945
763
7504
6917
2442
4289
3480
2154
4010
3349
9716
622
495
9330
337
6610
9263
9911
7340
5771
4273
671
9838
3091
8824
2651
9538
5582
1260
2050
9828
1863
2406
1871
3368
1944
408
8872
1748
5881
359
9375
1884
6879
6823
8913
1176
4038
6193
7051
7203
7929
5667
7213
2738
8910
1780
9303
5166
9423
9282
4992
6369
1843
8314
8869
3177
7947
1236
5470
5628
7144
7304
764
1001
2873
241
9599
4694
7202
8428
1396
1644
5225
1292
1451
1371
9770
3614
2471
7690
9659
996
6783
9375
4217
2369
5969
6663
1105
240
9926
595
2795
6305
6049
8512
5520
6400
2577
7089
9964
7139
1157
2139
9566
9697
4271
493
8653
8474
8513
3673
7605
5158
2116
515
8063
2702
5176
8870
1310
289
4694
7277
4901
5956
1009
8021
215
6330
9034
2940
7926
8699
8995
7573
9981
9476
7371
556
6697
8938
328
3568
2082
268
51
1490
935
2309
1853
7481
1079
3643
8416
607
460
1687
4736
6171
9810
8977
4528
5387
8150
8951
5488
6542
681
4266
3988
3324
7284
9381
8929
6147
6149
3370
3728
1135
8855
9275
7093
7380
2688
8066
8905
3643
4228
8174
8643
1559
1862
9770
2197
2035
9327
7739
8306
5914
839
2662
3102
4962
4016
3900
7102
1877
5731
2948
5247
1998
4706
867
82
3197
3340
3370
7556
5447
8383
1019
9292
4445
311
6201
5710
6646
9524
7836
2541
8284
4379
3262
589
4080
6579
7141
2405
715
4399
5165
6723
8899
907
7538
4442
9894
7744
470
7287
1990
1666
5749
5122
2608
2600
6467
1055
5626
9931
5069
5667
9337
2423
1237
9268
9148
9552
8740
234
2489
1934
6091
7329
738
5096
4442
1984
3236
1423
5340
148
4635
5345
6877
5094
8949
9598
666
9003
4066
4407
275
8266
1396
3058
719
488
729
6394
1596
5407
1698
932
784
5693
2400
2652
1106
9369
7354
8605
5471
3744
7069
2304
3481
8542
3472
8940
4242
888
5506
6796
4897
3957
531
9150
6143
1773
6860
983
2833
3834
9371
708
2018
7339
2607
9659
4012
1368
6781
1920
4066
4751
8973
6611
5661
9645
8772
359
9265
584
6798
398
4076
505
4311
7135
2106
3431
9479
538
472
2686
5816
1138
9635
2895
7413
3529
988
5265
6401
7481
6618
6645
2752
7966
3980
5927
6262
8082
8074
6160
8570
6144
3382
4728
5015
4810
9349
1097
479
7174
900
9711
8540
147
1176
1468
6805
1353
278
3496
2345
4495
4396
3589
4987
7574
6970
4912
2250
626
3825
2196
7835
3880
2918
9400
7125
5491
5730
1833
569
8017
8409
8354
3772
3835
2325
71
2483
513
1535
5794
8922
3075
3018
6772
9296
6189
8908
4797
4883
2250
7049
5543
7395
8569
7885
9485
4742
3069
6038
3449
7752
8526
7420
5658
3276
4845
6862
5636
8755
532
5963
4033
5543
7404
7001
5958
9349
9944
1189
2465
9878
863
4520
4334
9976
7031
1937
7657
3421
6957
8549
9149
5920
737
2177
8683
47
6077
9015
7543
9065
8262
140
5644
9814
9804
2093
9839
1389
1052
201
3633
8998
8532
1424
3261
7261
2310
4294
9986
1791
3462
5955
4587
9413
7422
3722
1002
9434
8048
2740
9091
1178
4187
5481
6196
3193
6631
7354
2546
6093
3579
5277
7631
968
2910
7734
2104
7430
2090
5983
5483
4896
1644
1156
7398
4043
4808
1517
409
896
9834
3273
5965
1641
2055
419
3135
2004
3202
4900
1669
8055
458
4901
673
1488
5041
1406
4995
9368
7575
8912
6760
7444
9125
2012
97
7734
9461
5166
4015
2487
7310
2089
9865
8777
6110
6352
6112
1021
9585
5742
3370
2848
7326
3939
3754
9330
1600
7660
4817
2661
3713
4190
3614
7710
610
7310
7345
8571
8184
9840
6301
8673
7681
4954
6427
9680
5172
9140
4683
8741
7319
7070
3478
765
9609
1838
9039
3297
9871
8740
1047
6034
1644
8556
6768
8642
3674
3456
3737
9629
5733
9111
1048
1826
5766
5262
3847
9250
5262
8817
8149
2419
2408
7255
7564
3537
6193
7239
4531
802
931
7866
25
6164
7901
5598
5490
9750
9950
8852
559
4992
3792
5944
7045
703
7650
9531
8496
6881
6366
3118
3697
6793
6537
5132
4290
7872
3752
996
7226
6360
1792
8258
4075
1278
1366
3321
7257
3356
6293
768
4949
6072
9517
6630
6712
8812
9609
6291
5707
3442
6809
956
3859
2444
1854
6194
5850
5486
1316
888
8200
4409
9401
4592
7649
6084
4284
7313
2103
7993
1345
8006
9664
4649
2640
6534
5939
2733
8045
5499
5788
4010
3
7025
7807
4208
7498
3742
1689
7247
5368
2968
642
9334
6435
3047
1374
5946
2787
2152
786
6160
1254
1595
7268
4327
5790
6891
5772
1957
9301
279
6151
9132
5968
8241
3722
4744
769
3426
1203
3000
6247
3799
9946
774
9761
5677
3127
4277
527
9237
2350
2998
7977
3171
6677
3303
2425
7065
3542
3273
3171
9179
431
9964
8069
8463
3239
5337
8153
9235
6059
7131
4967
9194
1223
6939
695
2420
8896
6471
6421
8377
9965
3663
9421
5714
7654
1899
1638
2453
5029
8556
1707
4539
3721
1118
7220
8719
9674
8326
2739
3557
5031
8190
4155
5732
1562
6042
6171
5681
1485
3286
7383
6762
4293
4446
5959
348
5084
8713
1513
1490
8654
7923
9970
7595
6682
2790
5778
7589
1976
2180
6102
5164
5865
8708
5638
6889
8905
6566
6158
7961
9953
5477
5050
5211
3353
8136
5947
9957
7547
3284
8406
2772
9876
7234
6652
6990
7523
8712
9028
9799
6915
2663
4803
1275
1430
1777
3230
2078
7431
7524
2135
4750
545
2344
2083
33
1806
8401
3964
3457
5543
8320
2082
8576
9387
1900
5580
3210
4635
6217
7164
6726
3489
9475
5825
4840
4657
2425
5670
3814
1304
4856
8023
6021
4705
3299
7988
3119
3911
1244
2654
5939
9556
6690
4879
4026
7047
6806
5462
9937
4500
5772
5824
4312
966
2635
274
7654
592
8448
5714
8742
2369
390
3125
146
9525
6170
4403
6698
5896
2782
935
7585
9653
6892
6866
773
8669
6180
9439
6873
3779
2500
3458
2752
8197
4212
602
8696
2645
9691
325
4081
6069
8017
4003
2889
9744
1233
8130
5381
7541
8554
4856
6813
9391
1668
8544
1733
5712
2410
6651
3940
332
6359
4552
7363
5761
7217
4222
2899
7717
3133
4181
3339
7672
1485
3637
9645
424
93
7287
1108
8579
1046
1191
1133
3014
9548
475
462
6196
2795
8077
3431
291
2537
1444
3940
8305
7015
9809
4188
7412
73
6293
2985
4142
6576
2368
2756
5759
9473
8852
1740
7956
500
8264
3171
3438
4954
8712
5110
2046
9019
746
710
1244
2140
1180
567
1718
1786
7176
9893
9061
5477
9689
1902
2540
2316
6104
1249
2090
4321
4735
8896
6031
8536
8558
8996
3530
5825
668
5246
4001
4560
9045
6501
650
5125
8130
529
390
6317
1719
4851
14
5765
2581
7343
6773
1046
1728
119
8940
3121
5594
3093
6101
2359
4926
7972
4400
1686
553
6924
4849
220
3331
568
3074
4329
828
8838
8356
4037
2433
1466
6321
3355
8941
7311
8301
3873
716
8395
5195
5349
3307
2590
7932
1637
4107
6663
8050
5467
1493
2371
5634
8547
2119
9555
760
6203
924
7976
2532
2374
9914
1214
9283
8716
6789
4850
8713
8626
9953
5922
7769
6417
2821
607
7783
7046
7370
5217
5156
7654
34
1560
3833
7195
2518
1754
2207
1967
5288
3742
3243
819
1575
4003
1799
5517
609
5117
6251
4141
9811
8798
2715
6650
2779
9773
1498
2301
351
2390
1676
8777
6390
4894
7209
2230
468
624
6797
3449
5075
8409
6956
4209
2380
7085
5283
4225
5941
8948
2458
9749
4021
6372
4357
6931
1891
4939
7626
1503
13
1162
2588
5050
2484
5753
4230
3912
4755
2411
2820
7581
385
7647
1851
6820
6316
3711
3673
4220
6214
6505
5463
159
2220
9592
6731
5551
5824
526
889
9023
7160
8528
3402
1532
5855
1582
165
1479
2730
749
6153
2880
2021
8403
2637
5455
7980
7695
9902
3538
5526
4594
2456
7423
2523
2670
4944
7140
8086
3529
3933
4835
8773
5758
8791
9251
3005
7536
1496
5109
8715
1724
8688
7284
3429
1482
7508
8631
9487
1231
2982
3351
5434
5939
6096
7352
5831
5290
6137
3862
3193
1057
234
5900
3191
2006
1834
4452
6017
2196
9669
1238
602
5914
7404
5279
8660
5911
7878
4880
4666
9701
5781
9263
5798
6719
1987
8431
8275
2591
4826
2215
3004
1640
1763
8417
9715
2989
4838
33
8622
8797
1392
5184
6444
5484
9555
9076
5238
6239
1191
8909
5056
1491
3422
991
9758
6890
6325
7063
6468
2995
1623
4812
8869
9317
4044
8132
1869
2888
9006
6288
1770
4624
7324
4405
6389
2726
5783
6375
2927
6213
4745
9587
4950
3854
9670
1562
2647
8761
139
2614
1709
1096
7971
5178
6119
5129
4201
9498
8728
9545
2871
179
8760
640
972
8009
8264
940
8413
6652
227
2557
594
2262
7295
138
8401
3956
563
4831
1944
5006
515
2052
739
1860
9782
4107
6526
4790
2745
7493
6981
9584
6236
8337
7735
8913
9578
4066
4968
8743
1238
7020
4405
5481
4176
8587
8595
9969
3831
2000
513
5891
8009
89
6476
2990
8998
2364
1728
7597
99
6976
7227
8522
9210
9528
6030
3057
1150
6892
4158
2237
1196
5813
807
7585
3565
8869
767
4885
6344
4913
648
5082
1028
269
8223
9212
5483
4274
7474
1555
2954
7966
5375
1126
4774
648
4935
9389
1752
9294
9793
1105
1433
845
683
4994
8761
6396
5035
7764
2616
2277
2723
2311
567
8146
1059
7058
5977
2464
8969
4524
4372
4898
2819
2134
1604
1765
2965
7032
7214
8475
6230
7622
4897
8471
7909
5775
6120
5444
4393
1315
5325
8545
8869
1550
3943
4445
3834
6100
7924
7883
8935
7067
8642
3570
6956
3168
8152
1988
7948
2279
1345
6185
5393
4754
6504
2743
745
7613
7103
3712
8558
7380
425
3032
2931
7954
1704
2098
7882
8439
8320
9046
3170
6244
1579
513
5374
2134
5686
6872
7105
5469
4040
1914
853
3417
402
6994
4299
6592
2258
3670
1261
2829
6402
7359
592
3720
5197
7477
6389
7374
8370
8646
1853
2077
5408
6546
8876
5582
146
9398
4567
2160
5780
2147
2552
93
5715
2747
2368
8491
6948
56
1884
4833
2170
1017
6224
211
7947
3993
5327
8413
8604
2989
8189
6488
7144
794
7996
8651
2368
1185
50
8897
1212
8297
1148
9203
143
5079
347
1843
649
1467
285
6420
1687
4442
599
1704
6869
5300
2350
7704
1699
6914
3749
1274
2501
766
5504
1746
6180
8222
9559
1399
5346
3390
2326
416
4747
4489
3745
9851
1766
7028
7989
9658
3563
4807
7210
1755
9871
4505
2644
6323
2107
711
5737
438
7883
3840
6877
2917
3234
4000
3464
7204
714
3799
8841
8135
4697
8741
2485
424
7775
917
7976
2760
9276
5539
5931
2128
3423
3931
1814
3058
2440
4288
4477
3313
6031
1173
7830
1561
6398
5531
2155
6397
3513
3368
8747
8380
4046
5808
3387
6014
6295
3747
1641
3872
3677
6931
3281
4346
4614
6304
5848
9274
5727
6993
246
2047
4324
4769
9681
1347
3660
7460
948
9381
5282
3525
670
3507
6462
8669
1271
6977
1619
9090
29
3384
5857
2106
141
3806
8730
122
1630
5917
3602
7375
199
4467
3103
4264
6368
8230
6944
1886
6085
4609
8986
6609
5143
4320
798
1089
3645
5684
2038
3206
1033
7379
430
6908
6085
4623
4831
7406
8187
5441
5782
6846
9236
370
6644
3358
7544
6758
3199
1822
3652
9717
6037
8018
8394
711
864
783
3074
4156
9925
1682
4766
5141
1175
9742
5628
8930
1432
8336
4020
6681
1824
9632
4609
3184
4150
294
6845
1335
1339
9287
2404
8021
550
5211
9611
5485
6394
3564
4201
5148
5443
348
7491
7810
4975
7907
6614
5147
5738
7316
3277
1945
514
3803
1763
2352
9754
9062
4466
8733
7817
3517
330
308
3602
7167
4189
5509
5502
8522
903
6761
181
2023
8299
9199
6236
4016
4184
6925
137
526
714
7061
3442
3299
2029
2855
6179
3697
2221
3549
5341
6517
7832
4695
2828
6372
4101
9826
5633
5008
4702
2391
767
4838
1641
8702
5361
4312
6741
9310
9544
4898
7391
6338
658
9963
5203
4633
7413
1418
2896
5849
220
482
7476
4481
264
6652
6135
5098
8584
2527
2372
426
4291
2879
9794
3669
3122
719
337
3807
9659
1284
8799
6962
5112
6711
6810
7257
5045
8054
208
1895
1912
809
4818
7719
3772
8012
4423
2465
9670
5278
3724
5765
2776
4612
5882
7511
2739
1146
6944
1495
663
2695
6303
6299
2822
2460
9173
8156
7255
1354
1296
9626
8503
9213
9444
8429
6569
4616
24
5513
7198
2990
6955
4732
6736
9178
2116
4440
2312
6220
2775
7864
6287
9441
5731
6048
8994
9005
3656
6085
7822
8344
7110
8166
7083
4066
4400
5878
5894
5300
208
4951
7030
7477
2292
8981
3199
2229
5078
7372
6853
2522
617
5574
8328
3924
9279
5653
1886
5327
4007
1802
3199
7061
9796
3983
8298
9213
8521
2807
3412
9940
4785
8160
5680
1030
4011
8322
3770
2457
1618
5975
5262
2247
8570
4487
3014
1398
2550
3390
608
69
7095
1276
1485
6789
6223
122
1206
5409
8100
9828
2874
7276
3087
9911
8386
3910
3716
8904
3493
7546
4509
8830
7719
183
8207
4189
9980
4025
3277
5888
6203
7795
283
7874
9469
1724
3099
6553
5013
3763
515
7952
2345
8848
9760
7152
8543
4760
1732
5722
7059
2700
602
323
5316
2655
3722
28
2159
898
7880
8029
8546
1662
5383
718
4275
3278
4443
3730
297
6518
6252
7296
6264
611
9431
4831
2106
5649
3534
5069
2169
2243
7791
8828
7401
6482
3218
8122
2050
421
1467
7643
9115
5274
4528
3909
8482
6622
3493
1720
9688
9710
6659
6488
2201
5131
2903
4968
1481
3428
7942
9557
8346
1906
2590
9740
5754
8149
8264
3865
2425
4182
266
9629
6041
2841
5449
43
8094
4930
4251
9839
2757
6000
1722
9323
8384
3466
7637
3120
3551
437
1168
5653
5739
4319
300
615
2699
7451
7362
9293
7066
4953
1960
407
4096
289
8678
7283
1276
7036
1938
6459
7523
1952
3719
4830
7570
7510
5284
6201
7072
8825
5457
2978
3023
6812
9309
1169
8881
9465
9571
8668
4166
5234
2234
3565
611
4662
2267
7218
4399
2802
382
1888
2536
9264
8173
6341
9091
9313
6218
1481
7040
435
748
6112
5163
799
2564
911
3214
7601
1087
6424
6132
5461
9092
5827
9032
827
8557
6139
8044
4470
8306
3443
6503
454
2320
7619
9958
7216
3817
5859
6658
3143
118
1810
4866
6986
487
9747
4135
6618
1994
6997
149
5461
1626
1518
1106
8372
1039
8051
7479
2333
5395
3462
3091
8358
7493
5293
6847
2615
4806
2795
9676
5466
3649
5085
4025
402
1864
2579
6800
9413
5961
2552
6096
3688
1151
4640
9541
8501
6101
2990
2275
3435
1589
6815
7746
211
639
1990
787
826
2181
2229
4225
8560
7027
8805
1427
315
3612
5106
2526
2969
1055
6101
8055
6176
9369
6623
6469
8292
6628
6127
3109
1060
4524
9585
9671
17
2594
4836
9078
8941
5002
9909
549
2715
9375
4045
453
5369
3799
2676
3107
1719
5265
8064
4798
7747
9962
9102
8726
5074
1422
6652
5808
1852
4668
8064
5014
7381
899
5593
9915
4132
4424
7952
1996
5970
8650
4906
4114
1984
4604
3997
1156
4533
3137
3628
4010
9283
5335
2241
9068
8181
4729
5670
2713
6295
4952
6224
8739
6386
5716
7929
599
707
3077
2105
3674
6262
2630
9487
8063
5012
8417
6945
8022
70
6309
8142
4526
5493
9491
9036
1371
688
505
9428
7507
4249
3637
2678
530
5532
5836
921
7629
5037
7715
7411
595
989
1929
3442
6480
5433
9400
7477
6779
335
9616
3306
9615
2397
3348
4340
823
5000
5968
2360
3842
7366
599
580
3847
2184
348
4269
258
5464
1830
7060
6315
7659
7783
7109
4168
5714
901
6043
9161
6131
151
4915
6385
2463
4428
5147
1876
2080
5444
4519
6492
5745
6162
5136
6310
1850
2425
3273
9577
1958
4116
1392
6470
6274
7266
8748
5995
9509
6446
1705
4850
1783
4733
6126
5415
8655
3456
3031
7414
5341
649
724
7107
4176
5930
8765
1475
4548
7704
4704
8487
2524
7823
6441
5513
121
3296
8652
3486
9956
8581
1858
6604
686
5734
9438
9221
2481
7091
9595
1218
9121
3969
1380
9931
725
866
3743
5458
7901
8413
4199
7887
4895
7868
7236
3878
2049
8404
297
7813
7605
3760
602
3961
6604
726
7848
9873
3656
523
6779
7994
2771
3730
4075
2937
9509
3503
6154
4135
6486
5882
6433
8470
369
1407
6038
9170
8096
5187
1431
1827
842
4385
1910
9263
8502
1426
8368
1228
1066
6890
4779
2115
2965
1503
4956
3504
4997
213
9203
9782
1317
2325
4931
1439
2007
9932
6274
8721
8490
5935
9497
2957
3928
5004
5768
6721
8287
1052
4714
1836
7098
213
7520
5809
9739
2348
2780
1285
3063
3256
2300
2627
9485
6401
4657
3759
501
1190
6828
3464
6930
2462
6996
7030
7539
8375
3846
2978
6811
43
6009
5285
8811
3520
2092
1465
4409
1566
5567
9259
3584
9835
6811
1154
3795
5474
3423
7994
6159
3443
3912
6825
8076
5364
235
5667
5279
5668
1778
4248
3599
1936
66
394
4242
1167
3989
7037
3092
8968
4264
7511
5444
6339
5811
9080
3386
5181
9600
2083
8568
4133
8698
9401
8845
7811
8020
9063
3392
4792
6258
6822
9295
5857
920
5088
7427
3781
3470
4626
1168
606
7260
9661
3766
1476
8616
8247
951
2037
4185
9934
6022
9137
8886
6893
7912
9729
6560
7063
5626
1911
6169
6047
2910
3761
0
1994
2083
1863
9611
1341
1455
724
2975
2016
508
5410
5678
4676
5277
4430
7277
5728
860
890
625
8407
6193
9329
6902
4550
5888
8245
5820
313
848
8740
9790
4077
6836
9305
3728
1440
9815
6575
5876
9973
105
5089
3785
531
7680
7340
7153
5389
8093
5334
9774
1548
253
8551
4104
665
7816
9381
7501
8215
2361
799
3701
6588
4523
6511
3057
9825
5276
7106
2336
6191
6592
4756
7037
6409
3893
1924
7401
7176
5486
6791
3520
705
5615
6808
9883
8691
4836
6093
4513
4253
686
3813
6810
2572
9387
7901
290
8690
9473
993
983
9666
2135
7120
9887
5080
7007
9769
7464
390
9620
4370
525
232
8540
2279
1474
5177
5386
9423
7981
543
6835
778
3617
3873
3882
8198
3368
6473
6026
4769
4652
9284
7024
2409
9730
6501
5875
3775
1379
1306
3409
890
3993
5431
4055
2456
3954
2558
5916
7407
5892
2465
827
2946
2077
9342
6891
2159
5590
9832
8284
6645
1300
150
5680
9027
7786
1445
1860
9115
734
2761
554
7925
3398
2065
8805
3056
7967
7239
5279
1475
7002
3847
3002
2786
2084
311
3441
8492
7872
6165
778
5153
6642
2527
3180
3041
1419
9226
7399
0
4876
1910
3203
3237
3609
4489
7448
5362
2668
8600
7975
8125
8595
5397
885
2589
9143
561
2194
8161
6730
7394
5273
8762
6572
9888
1430
8328
1097
7578
8446
1122
3714
4214
6544
2575
9959
5157
2935
7346
431
9684
9592
4755
2883
5247
591
551
3453
7200
768
4177
3592
3349
4172
7602
1300
5120
5875
4604
6088
9447
1312
5589
5748
2076
9445
9399
6243
8135
4915
5924
9465
4352
4758
3590
9023
41
6620
2501
4296
8743
9792
3073
7006
4529
7703
2655
8462
3952
9958
705
6557
5591
2558
9550
5989
3357
7302
8833
7601
4005
6499
4877
3745
9759
9173
2477
5529
9079
785
8393
6060
4106
2903
5029
5233
7289
223
9620
8767
183
1189
3051
8987
6668
7886
2368
186
8060
4710
496
6453
2418
5624
2959
9897
2469
6729
5531
9383
8061
3857
8106
6879
7039
8295
3921
3747
6531
3000
4022
7899
5431
1187
173
1654
2204
308
1599
4215
8670
3995
8393
6019
2386
9240
6737
8565
967
5430
7123
4460
3183
2961
9161
9827
9575
9749
6969
1114
1746
3412
8168
7318
4324
3684
8908
7890
8106
3779
3648
8015
4071
2487
8608
2304
7528
2102
8196
9355
1673
1919
7370
8540
7537
6964
6588
396
4584
4741
3360
8009
3274
633
2990
3203
8691
283
1116
9523
1865
2479
853
1991
1577
1328
537
5550
810
8375
6142
6333
5006
2106
5668
587
8807
3150
1062
8288
8278
4730
6123
148
9214
8667
9980
6055
8
6749
9361
7981
5503
7309
8037
7011
8091
1944
1336
979
9771
4334
4258
895
3195
4985
4788
126
5621
1892
5531
64
7220
7946
2030
1536
2548
7629
7063
197
5318
6239
3118
2052
6191
8976
2769
4166
6655
4996
3904
5474
6655
8208
7412
2487
7187
7969
7488
3367
608
4362
9183
6131
2599
8120
5693
4319
671
9683
1858
4066
9649
9411
3001
6829
2733
9244
7679
837
250
776
2678
719
5386
8544
4633
199
2603
8118
2858
5084
3050
130
839
331
883
7351
5339
39
7971
3218
641
4866
8254
9598
5636
3899
5099
779
5556
3885
1939
9362
7371
8390
7548
8145
1
5220
2106
2818
7932
3061
8245
9898
7121
4174
165
9944
2966
5747
918
282
800
7141
4362
8683
9078
312
2493
9565
8662
4576
2228
591
3749
7864
3647
5387
2898
4510
2190
8703
8692
3086
9695
853
5202
346
3525
9489
7281
8787
1620
1975
5528
2886
8873
8503
5439
8502
5703
5318
38
674
1900
6474
6402
6994
3170
6433
2434
6435
4577
9887
848
4365
5233
9522
3314
8622
110
6147
7536
629
6612
524
5473
7180
7770
9888
2142
7059
6331
9483
5448
6245
6703
5064
9205
6521
3880
7321
6277
1080
328
2566
2899
4693
560
5669
6918
1038
9107
2674
7160
126
762
8251
3774
3548
9216
2523
2198
7907
8541
7665
7551
2351
8912
8780
8882
6721
6374
8981
4382
3599
9495
2761
6129
9851
7967
7330
4722
5742
746
785
4475
2689
6905
4441
7061
1432
7841
267
2379
3900
8370
1258
161
8179
213
3546
7837
9181
9967
666
8227
1150
2466
1179
4158
9747
531
8716
122
611
3862
5188
3311
1507
2645
6251
5128
8774
9376
6980
1922
4864
270
6891
7728
6053
7777
5127
9755
146
2344
1293
854
2983
782
929
7071
7056
5519
2121
6898
3407
3115
6928
2824
5832
8179
3043
8572
2185
9457
6107
494
6243
1764
2792
7297
7801
5240
279
2751
1028
1828
9456
5660
3520
9245
718
8679
3959
344
8731
5581
568
8365
4904
8488
7348
6711
310
1477
4789
3687
2068
7251
7562
9929
6613
7447
7699
4174
7805
6365
6966
9640
7592
2216
2108
6692
5495
5659
7852
4082
6152
5024
769
9104
4816
9605
4554
4004
5944
8535
1534
9032
1889
1046
2537
6928
998
3352
3000
1399
9837
2329
7965
3959
3993
8256
5759
9000
1631
1453
7730
7072
3890
991
9694
2808
8989
7026
6991
1471
7981
53
8520
247
4057
1721
9140
6429
9790
8006
6699
3959
1259
7416
8077
5734
8966
1270
9646
4267
8602
5011
8734
1366
2974
8061
7955
7529
98
1987
9366
2043
9160
2084
6279
5752
8413
4323
3070
2726
1043
390
3167
1010
3948
4653
3513
889
8853
2751
2203
371
4397
5920
67
3977
1520
5040
6437
9351
3892
1517
2820
8637
4031
1864
1536
8543
9763
8981
2940
6140
7015
5212
7914
3244
1732
3788
8806
4275
1481
2047
3532
7394
5531
9913
3783
6380
3612
9082
9382
2070
7574
4003
5965
6344
1797
2965
1974
6544
9822
3717
4401
3974
6512
9707
4799
3817
294
4714
135
5432
2997
6378
9348
5950
3496
2657
1531
3988
2374
6032
9500
3754
3661
4985
4948
865
7245
7390
7725
5295
9091
5621
7747
9493
6784
4729
899
3166
4150
4730
1170
3389
8975
6003
9047
3209
5001
2844
4886
5653
3522
9478
1626
3640
7612
8644
5182
8779
1068
217
7753
3728
9909
8604
2692
3632
3308
6408
8008
8973
2088
5120
7017
6918
6889
1087
8505
9417
6754
6398
9978
8546
403
6015
2996
2258
7287
5734
3855
2299
1783
6712
942
9447
5785
8571
6632
6745
5609
3997
1796
27
8993
1440
1632
1126
6520
2642
1454
4688
4037
3628
2060
8480
8703
4768
318
2845
4419
3701
4922
9508
9056
2816
9504
7224
8258
8008
3604
3892
4345
1115
9354
4284
9525
1487
7804
7618
5248
7056
1130
2772
8424
5608
5327
7490
5208
9342
1565
4093
3315
4997
2308
4491
3916
9860
8036
7000
6388
8806
3196
998
2817
9400
5342
4
5607
7792
9777
1933
5045
2941
8610
2392
7391
2697
6312
4973
9076
7802
9027
9719
1579
6632
993
3892
8607
8186
3820
1321
132
9897
7459
5602
6084
8262
180
7320
2123
6855
6563
5500
8827
2380
9657
8127
1309
9440
5243
676
8101
8619
6406
8429
9008
2660
8068
2418
4269
4180
2910
2416
9173
4214
1295
2957
728
8122
9536
5706
4534
8441
7893
274
2150
34
19
6303
8694
9859
6380
2188
64
2867
6089
3412
7558
3980
9922
2073
4618
6903
7453
1409
9980
6672
2721
9419
6944
3272
2214
8240
9291
3368
2748
5188
9802
163
2884
4875
8831
7365
910
7800
1913
9688
6815
3169
4079
389
2095
1278
1913
1911
9613
6224
7628
2427
7568
6719
2095
3619
3931
4460
9822
2315
5931
1637
6667
6227
3024
2919
5355
3978
3414
6701
2260
2476
4367
9158
7650
1714
9854
5829
5408
2903
8626
2578
313
747
8510
7054
2955
7137
5841
2723
2612
8515
2631
7130
9964
3685
5803
1414
7215
4311
2647
8190
7941
1155
746
5608
8032
3767
1316
689
7490
2205
8097
9065
2152
7269
9472
4587
6694
116
718
6698
2368
662
212
8918
355
1854
986
9854
2478
7087
4950
1744
9424
6003
2741
8028
4015
1880
3301
7271
6770
139
9133
874
7980
3756
8025
6010
8806
3665
5765
8515
6471
3222
3397
5790
642
1666
8704
4274
6684
5766
3863
4342
281
2142
7221
4820
8419
4410
1364
7898
7237
4054
3721
5706
4426
708
6798
9153
6941
5308
4843
4308
9452
1546
5743
1606
5230
6005
7648
4758
5934
4128
2365
5125
916
1945
1213
1126
1214
303
8102
4814
3280
9073
5707
1019
5813
9362
5587
5361
9920
4936
6514
991
1220
5331
5446
7937
1772
8907
2464
2478
3575
5554
3085
8945
8244
9048
2369
3189
7303
4878
223
8265
7125
1074
2134
3619
6337
3833
8827
2641
9011
6810
5023
2602
8962
535
9326
3043
8030
1671
9844
3502
9868
6191
2075
9133
5039
8383
1509
7524
2655
6824
7410
1820
6873
7867
303
9492
8835
5229
123
8786
1674
1319
2631
2472
1034
9513
4666
8065
1881
9726
3006
2138
7008
8299
1498
4701
5223
8769
957
6153
396
9907
6436
8542
9520
6257
3304
2468
8062
4274
4967
2699
281
208
3933
5900
6289
7021
2878
4143
177
996
1923
3750
2536
187
9407
7574
5185
6116
8605
1222
5250
1170
5176
2625
1870
3528
5046
9477
2327
6717
386
8397
6003
508
1541
2316
8090
2568
208
2160
746
6781
1240
2646
2822
9025
6798
3308
6577
938
9658
4625
1699
2201
1875
1881
3735
8580
4574
4509
7873
6305
2785
2623
5918
4621
7395
507
7545
4973
8370
8008
8663
7788
1104
4846
2929
1204
7034
5618
8652
5544
1270
6317
9446
8669
2553
8411
5374
3848
6227
5774
1616
3378
1080
1491
7037
8425
2731
8060
6707
7872
8585
9533
7550
6327
8399
9442
9370
1909
3496
5213
3972
8369
6759
1966
1756
2784
4478
4698
4521
8633
1929
4958
4745
8197
4122
1677
8147
3522
5442
6581
6524
9190
136
9936
4193
0
7369
4150
9255
4010
3372
544
6365
3386
9056
9431
4763
9705
613
8715
7642
9563
6484
6160
9263
1772
5436
5250
7637
204
9738
8281
2054
9793
2324
9223
7254
5212
3218
5679
8684
6294
1305
8528
493
5720
9141
1870
471
377
1891
6338
2551
8002
4056
568
9991
7790
354
3494
6424
2941
9689
236
8791
5175
1761
3862
3887
5822
5230
6991
6572
7229
1076
8816
7175
2333
1963
4006
7187
86
5867
6418
3490
5409
9674
9881
324
3788
6815
8028
510
6439
5746
3666
8003
6316
3186
961
1394
668
7330
2219
7739
3619
9025
4389
3167
813
980
7171
7187
867
9683
4927
3920
2125
9901
9113
5339
5324
8568
5512
3116
3295
7161
7231
7773
3570
7388
1482
3953
9880
1809
9287
1550
8429
6323
4066
9400
2286
4662
9961
8284
6788
220
4590
837
7627
9476
7195
415
6688
273
1407
2918
8697
5506
1703
3065
4335
5346
1624
9921
7367
6030
5720
1448
5262
287
7564
1784
4178
3492
6844
737
9453
6813
2515
5973
5148
3605
6147
2740
4479
413
5557
4560
1177
5841
8654
6076
8198
4074
6877
6918
7500
2175
9328
5581
5659
8185
1526
6945
3598
5282
5216
774
5555
9256
3441
8404
2375
2435
1573
95
7850
7873
3181
7854
6770
9115
4168
9129
7756
4086
2493
4772
9853
9144
8564
7506
342
7380
933
7704
4086
2756
5689
8640
2761
6610
7341
518
1902
6723
3604
4275
9735
3744
5804
2211
2057
9379
9273
3397
5972
9514
157
4367
7196
2907
3161
9611
8821
7029
3245
9025
270
510
11
6770
4004
4014
4394
8911
7767
7447
1878
2868
5689
2079
6773
8693
6834
1292
2693
7459
5554
3500
240
2586
3310
9965
7953
6746
9979
8815
5217
8160
2377
3988
2218
8977
4694
1233
2557
1475
2692
5797
9198
9191
996
3298
4829
5526
8497
812
4912
1559
9466
7981
267
4107
2295
9251
9954
6229
6685
4775
6101
809
1228
3499
8362
7872
3749
5567
617
9413
457
4271
6400
9632
8925
7357
1447
1244
5114
7798
782
3718
6160
3364
8834
100
9579
1600
4830
8864
5038
5921
7982
6880
4971
6598
8399
5060
9428
11
6675
5323
5340
2747
1440
2929
4663
515
6104
3993
1968
6399
867
467
5001
9875
7752
2027
653
7800
1099
926
8322
7009
8032
8617
6298
4440
9613
7936
7096
4154
3870
9975
8559
3900
2386
2144
7574
4569
3555
5762
6920
2889
8499
7683
4648
9615
9522
8690
9746
5023
8443
9059
5853
1290
5198
6568
4108
7575
8425
4536
5444
4784
2351
6926
3559
6166
2746
6929
6431
9682
1869
5483
6406
4810
7458
5097
4338
9484
5731
4734
4462
8185
1860
9652
9108
9521
9629
6032
3895
4759
4549
5937
5580
4640
3209
3125
1000
3486
5421
7415
4852
5220
3161
2585
8494
3093
1717
9145
7178
1149
911
644
229
7115
1689
8420
41
9897
1120
2295
6093
2970
8390
2238
3988
2767
417
9102
8118
1638
5213
3942
5947
1344
3452
7405
7395
8189
6622
440
932
3655
844
4998
5435
6631
2301
7304
8579
8599
7595
9983
3283
1398
9584
3267
241
7473
955
3406
5908
8532
2671
2995
4584
5917
4282
8670
8811
4601
9570
8506
7172
365
9963
2825
8003
4323
6550
4147
8515
6671
2612
7565
4412
3917
7016
2053
342
4665
9546
3913
4327
4859
8375
7905
2381
2157
4262
1343
7544
5882
9286
1265
1566
3140
5107
7152
9138
3122
2647
3465
959
3989
7356
8678
8686
1893
7408
7480
3879
5020
2274
3250
6259
463
6793
7781
4928
7141
5220
3300
8654
5221
5532
5443
8887
7200
7413
8417
5804
632
7619
815
8762
3084
3562
9532
6603
881
7966
4302
5992
1118
7640
2175
9500
7428
6810
6482
9956
8232
3689
4272
4659
5551
137
9828
3618
4037
3272
719
6597
425
6848
952
5784
3704
5504
9508
2424
9541
4884
5998
2206
4354
4736
1523
8326
8878
60
892
3966
4939
6985
8201
1545
3594
5746
6743
4
1494
8829
525
128
4810
8417
7017
2686
1007
7378
530
6489
5157
7799
3081
9836
7229
1437
4817
6852
8146
4180
9112
6288
4114
1927
8673
2726
1436
6825
976
7567
3656
1915
7633
4914
9437
714
8789
5663
8819
8821
1514
849
5830
4572
3445
8742
6355
2548
6751
5499
8242
4679
5241
4304
6112
7208
1422
44
3912
1924
1380
2425
2494
1860
7629
15
3032
4975
1152
5359
3017
9580
5119
1925
6698
2949
7222
8529
6247
7016
3263
1135
7924
3607
2324
8802
7946
9343
2738
5423
5410
1957
4518
6901
3789
2268
6743
7995
5438
948
1631
5074
8212
5852
6055
6602
951
7160
1774
4272
5726
6045
198
3972
2779
3209
940
4136
8084
4977
226
3093
9663
4210
1930
5752
5753
9928
769
6874
6067
6685
9893
7389
777
3065
3445
8865
5680
4904
4052
7751
3212
2985
8969
4365
7371
4482
2309
8536
4033
6769
7842
2576
2593
6013
3909
5285
1109
1132
6512
8991
7147
6862
5511
899
4364
4918
3804
8129
6297
8456
8473
2618
5572
461
9978
9328
520
6244
3396
4613
8615
6580
9494
3205
4638
492
2426
4496
8102
1435
4472
9679
74
9819
4856
8200
3520
4279
4561
2685
1206
3470
4883
2494
9515
8352
2926
9631
8119
2773
4764
3796
2663
6701
4226
7384
5993
2930
7742
989
9552
1881
8637
142
6564
8536
1788
2097
1690
337
9001
8360
444
2700
3926
7334
9236
1828
5944
6750
1786
2759
5842
7191
6552
3921
2793
4685
1334
6498
7940
3377
9078
2443
2115
4736
1966
5737
184
8464
3662
1256
4454
3255
109
5672
3300
3798
9317
1997
8782
403
3175
9664
9289
372
8012
6227
8401
8215
3945
2130
5665
7647
2541
9909
4333
2456
8907
354
2015
4764
511
383
157
7806
5231
5973
3332
2947
5759
9328
2931
3088
5057
563
4662
3775
1607
6680
1660
4523
6486
6933
6024
4475
425
7706
8673
9996
6623
1639
3750
6022
8994
667
2946
9856
9365
8135
3415
5456
7689
9664
5115
8058
7244
8275
8348
9722
734
1939
9712
2253
7521
7695
8045
4153
5309
2751
7074
6430
9806
988
5472
4580
7211
1679
8841
9651
7219
6737
2243
9825
7189
7618
1113
4293
8220
3878
1983
3179
8693
7961
6735
4209
4815
1043
5
1646
3934
7063
7907
2994
3132
3301
6562
1081
1885
384
8950
777
8477
8617
9036
3386
9800
2554
370
3013
789
3183
2547
69
7696
5630
8751
58
4259
6807
9251
8189
832
55
697
2734
8830
8759
6799
3689
3677
9921
7612
3735
2887
3778
2069
4544
3157
6411
8235
7550
4380
9265
4590
1212
7762
8277
1570
8798
6513
7342
1308
443
9126
9106
9641
644
1942
5892
6731
4904
9647
3895
2033
48
1014
8464
6450
5110
882
601
6966
8531
4883
4370
1425
997
6384
8195
8445
5503
9277
748
2658
7002
5733
4589
6677
5578
1210
7905
5355
5787
5638
5157
7928
6170
7324
7751
136
9280
9072
4617
3688
2297
8576
5973
1986
9907
4430
4907
7348
546
4571
2885
9980
9760
3729
347
6066
8050
3053
2050
5170
7653
1095
5504
2068
9815
1519
1371
6362
4595
2646
1135
2517
8276
9798
3166
3252
8138
9167
8097
8763
3098
2591
3277
3996
8160
8989
9569
4052
8864
6835
4956
2788
7659
2981
7979
9898
3388
8546
7168
6204
353
7926
9054
3505
535
3657
8145
7132
3071
5288
1226
3109
749
6798
8872
7078
3583
8718
707
9903
122
2160
1009
2326
1727
7670
6571
9103
5245
7929
8602
4851
6256
8725
331
1296
8296
5325
8018
4941
532
5885
746
6920
7053
5706
8986
1822
4047
2360
9603
4871
2322
1096
2231
3403
1495
4507
2980
8373
8046
712
13
6114
5796
2198
2169
3430
617
6935
8885
5388
1808
8593
1540
1351
607
2265
7159
6073
8102
7918
3560
8879
5869
7024
256
5704
4950
5595
777
3889
9538
8548
4989
2542
1631
2910
45
3638
9103
3897
4014
972
6196
7225
1485
2149
7591
8046
4323
3515
7144
6325
8900
3245
4895
1114
6033
1664
3665
8184
9470
4519
5838
3919
2494
5530
9367
193
7162
326
2078
585
2400
4369
1078
8568
7768
4664
7592
4205
5922
9767
3399
8385
3995
6660
5484
3676
4591
4776
3035
6935
7592
395
7142
5343
6916
8331
7904
66
6501
3688
6777
6378
5074
2288
1304
1843
442
9490
4664
779
2360
6753
809
7877
2275
5319
9047
5705
7389
3443
744
9612
6763
6432
9582
8295
6947
4
3596
7878
241
7074
7606
8368
7189
8364
1505
9806
4214
4920
9081
5578
6106
4461
1569
6422
6093
8203
8213
6373
6094
6677
3772
3578
1130
1932
1401
2747
6496
6729
3697
2545
7187
8870
9575
655
7054
6233
8530
1565
3697
9086
1504
1424
5642
2737
9220
2743
4239
5557
6922
9780
296
7235
4572
8566
4009
8898
7853
2911
4301
3247
82
2583
270
4857
9696
9612
3649
8124
5057
9747
8783
792
4193
144
9853
4110
1988
1677
3005
1575
1274
219
9469
5648
3898
115
974
2661
540
8183
2191
9769
8483
1035
9479
5807
7207
4665
7298
5385
6161
3029
8067
9098
9215
445
9127
1258
8087
8652
8186
9478
8233
4253
6995
6289
3757
230
3658
3115
7243
8056
970
6315
6249
2065
146
4476
4447
5052
4501
8994
9622
6662
6865
7944
7359
2558
6077
9960
3969
7560
651
4310
490
1053
3837
8793
6998
2355
5556
1894
7133
7285
1299
2522
199
8335
1250
7972
9275
9512
6734
254
9205
4715
6926
3174
9445
388
6625
4925
9124
3972
8243
6363
2834
5089
9806
700
2443
3565
8525
8283
5528
8673
5036
2170
7473
6391
7323
8571
9088
9937
1522
4286
2737
1256
4382
9192
5637
4916
1528
3820
1142
9989
7735
568
1029
3548
3548
1807
5839
5674
220
9310
7678
8946
5098
9533
3771
1085
3074
7077
2722
3499
4899
6296
9390
4064
4932
5185
3507
6995
151
7817
4474
9966
2042
7331
6791
4098
106
5957
4454
715
3426
8563
3044
5756
8610
8570
6474
8822
667
2053
4900
5210
1430
1584
5408
3769
9844
3815
5042
1379
3728
7641
8644
8692
1265
6623
7979
7512
860
211
3861
8999
3366
5550
9422
5073
7622
6754
9617
7126
9721
657
5739
4242
9391
200
9036
9972
2019
4876
1463
3818
5481
4239
3817
6795
4399
815
4886
6976
3750
8620
239
6256
3258
131
383
7014
3948
811
6453
2225
5505
6155
2924
5272
6211
9831
9429
104
1925
485
6038
187
5620
9552
6620
487
2985
8072
9852
2272
9516
1492
6632
7691
4450
198
8925
8400
9926
2505
344
1882
7014
6233
696
1823
3540
4254
9231
9847
893
4423
7539
7866
4151
6495
5217
6651
5555
7999
6753
8747
2817
6688
8372
5723
915
9962
5242
4690
8586
910
416
6374
6893
685
5990
43
4472
979
7487
9813
6992
6516
9809
108
3972
2561
4637
2395
8480
1622
4633
3045
5595
3571
8808
7461
7488
549
8955
9472
1626
9345
4720
1065
7721
8956
7033
6368
4033
8922
6344
7576
8257
1313
8326
4275
9073
1817
4051
7933
7620
2690
1207
9986
973
5346
2439
6685
8958
8361
7347
9806
5036
4995
7085
1590
959
2602
724
7250
4533
790
8782
4050
4853
8962
164
9685
8561
6875
4311
403
2724
1415
512
6198
8331
4176
2821
9206
3585
6828
8872
9936
6051
2394
6201
3474
6722
1115
2492
5733
2294
7275
2149
4296
4127
4970
4608
4597
4711
8316
4733
6562
5460
7769
5960
8550
8921
3617
3415
1797
2188
4976
1724
2746
3282
1482
1098
7872
935
2803
2341
3614
3018
5949
1778
3613
8116
1231
8925
103
9689
5023
5546
4397
71
6284
4707
148
2779
3018
7663
1918
7076
1962
1460
7697
7247
5733
5076
5526
7777
6198
6898
2208
5699
3857
3928
8998
8535
516
4913
3295
3578
3736
1473
8329
2258
5940
1076
8566
6998
9230
6612
5348
2892
446
1796
4743
7709
8530
3449
6710
7621
1112
3065
9774
9767
3867
5291
5895
2461
6828
4126
8961
2845
2348
6390
506
5272
9668
7776
9743
4348
9346
343
5692
2713
9440
4319
2034
8720
7010
1519
4932
7686
3868
6028
3774
9833
9182
4528
4771
2666
7213
1993
3393
9176
6879
1821
6627
7757
4354
7803
4931
8802
745
9534
3546
7950
596
5291
8517
3179
395
2697
2037
8057
7592
3216
3428
4604
798
6713
6639
1473
1433
4518
372
5214
7603
8395
2457
8935
3280
8857
1686
4108
6759
1900
2001
1743
7614
9338
3284
6852
8497
3211
4349
8658
1262
6392
9938
9766
416
2525
2174
86
3109
7256
9261
9731
6286
9251
8384
1879
4484
5614
3181
9262
6001
1461
3830
498
6258
9297
9700
2030
8471
6154
7520
6996
1123
1450
541
1370
6167
1277
8710
6030
358
532
2448
2283
3380
8297
4795
3076
5200
4509
4394
6093
5419
1629
9340
920
4915
2260
4375
5117
5281
2921
9585
2403
732
9992
8458
6843
4871
1407
9065
9709
8958
6239
7729
2954
5384
4882
7263
3023
3977
2859
3923
91
7959
6777
9689
6968
2935
2454
9299
1973
7700
6700
4741
2804
7131
5911
3020
9215
6981
5750
9195
5430
8674
3322
7332
3347
3118
1553
656
8399
4419
5772
5243
7133
3147
9388
2623
1348
4096
9516
7739
6490
6259
8888
2367
3387
2021
923
5703
841
8997
9670
6737
4254
9270
2284
9053
9836
2043
1882
4129
806
9298
228
3718
2375
3083
5563
2738
1520
4212
890
1539
320
1202
3904
6900
2523
5278
7112
2687
1165
3161
7635
7423
5896
3325
5656
6865
3592
658
5841
1271
7080
4410
4247
4008
5982
6762
3528
647
4721
6565
1380
431
2315
6982
5992
4840
9337
8186
7361
7912
2223
2743
8178
633
568
5229
4657
7154
4763
8248
8075
5717
7946
3871
8632
6741
2916
6300
5913
7474
4906
8776
1422
9907
3711
3106
8068
7886
1480
9836
2795
7127
4531
9187
6230
7410
5412
4137
1020
9974
9658
2592
5483
9217
3760
9493
5564
6530
2271
2294
1377
967
7648
4801
6971
5699
9248
1531
8905
6043
1725
6890
938
670
3421
4848
323
5599
5325
5812
6749
7808
3015
5134
6757
573
2125
1727
3543
194
7825
7563
6357
8825
6135
3764
2832
4116
1458
7700
2362
499
171
3799
5346
8195
4001
3954
1758
7700
3930
5860
9991
980
7063
6119
414
7981
4613
9283
9996
6328
5568
8960
3464
941
5122
7573
5585
1689
4409
2594
4139
8233
8103
4502
6903
1993
4675
910
7562
1124
5276
9819
4255
4359
9998
4478
6537
4950
6045
6531
2945
1434
7854
7688
942
6022
4102
6312
9138
7029
2505
5848
3152
4643
6516
4716
236
6036
231
4247
1899
4820
9210
7486
9274
6107
4080
4984
9722
1500
8409
5124
6808
9147
8049
391
8651
5370
4902
1473
7175
6590
5095
8810
5022
9650
5351
5566
5318
5384
785
6850
8566
1127
3958
9633
3321
5030
7745
5560
3973
1523
172
2459
9846
5216
3819
5922
2532
4682
1078
611
6339
744
1541
557
3960
77
99
6046
6201
361
2053
3714
2749
4818
6964
6936
835
9963
1798
1859
7855
2846
6458
826
4927
987
7138
4892
4651
3021
1867
5252
1851
2005
344
9380
163
4550
9245
7777
2105
5692
2423
571
5766
4665
9177
6023
5131
2221
561
6587
5243
6162
9209
8694
6518
8994
9289
3833
4311
2501
7929
3046
5619
5338
4132
2515
4913
3729
5305
2107
2809
1699
5947
4514
821
5839
2168
8546
2772
227
9815
6103
6333
2882
4554
8211
881
5287
6355
3086
7689
4199
4227
1294
9486
7084
590
5119
1064
9556
2234
576
2062
1284
8357
9130
9980
4842
598
4669
1283
8942
636
8920
602
1172
9364
5781
7074
8336
2294
239
5719
8566
3070
7425
2866
2190
3720
9244
8523
3329
2788
3956
1516
4498
74
9879
4881
7019
5623
524
9324
547
2725
5268
6373
2537
280
623
3998
1968
725
9999
7668
983
2397
5425
9153
4660
4695
9357
3359
6460
6716
5594
6327
6193
348
334
2295
3097
7294
4546
7506
9927
932
3023
4226
2136
2061
4647
7176
4060
2548
9618
372
2766
1397
9235
3696
8194
8576
1510
6374
9243
2678
8872
467
1142
2864
5827
2483
6406
4256
6965
3563
7868
6687
8332
1477
6931
6645
1120
4406
8198
2150
1692
5884
7439
9738
4795
5139
860
5077
7163
9894
3104
2757
9777
8979
8707
3547
5385
6055
887
1616
9927
3561
6248
9912
6271
499
8383
4916
8429
3850
2164
3217
7922
3823
8685
8590
5404
3853
8199
7916
6193
371
4527
4222
9944
1964
8638
6991
8244
8217
2623
5042
781
2881
9038
437
9837
7295
3119
3103
4276
6409
9256
6648
9304
3905
7212
8792
3980
8212
2117
8327
3612
143
7053
5892
6706
2674
8985
5105
3241
6925
4851
3164
6940
8775
7314
1656
8025
8381
4360
1737
6023
3367
3736
6319
3761
6006
1186
6458
382
3354
3756
3388
878
8544
7646
8924
8196
2745
810
1670
5483
4773
1911
8895
6598
798
9017
3687
9543
626
5102
8311
8779
9127
183
602
1969
3107
977
8312
2933
7924
255
397
4702
521
6550
4905
9792
4372
7588
1808
3198
2103
3966
4481
1040
7419
8245
6068
9260
5872
2868
2621
3028
2879
9417
781
8732
827
8429
2711
4071
1413
6434
9712
3005
3535
7048
6608
7643
5032
8700
6565
8215
2070
669
3702
2798
7794
8364
7253
5691
8397
1632
4734
246
3585
6706
9820
9032
3490
2204
4027
3014
8531
6729
1752
9329
6565
4121
7812
9881
5497
5860
5911
5673
3159
6536
9554
8099
7831
3697
1757
3113
4445
3667
9422
6181
8370
183
5195
4086
6781
7632
7191
6088
8768
2041
5288
878
2926
6653
7674
1134
1339
9042
6860
2905
3788
7026
39
8005
1422
1512
5983
9177
2018
3860
5922
9285
2470
1419
2206
3036
4222
6430
2080
5007
3937
7780
7078
6631
8721
3943
9573
1214
6786
2632
2838
2010
9771
928
6732
3703
1498
2469
9825
9040
3442
2181
4030
1530
2576
3633
6761
4637
5660
5257
9817
6464
5370
4000
1013
5584
8735
4956
8154
748
3825
140
8987
9840
2920
6150
4147
6844
8017
540
3414
7697
7360
5914
245
3303
3509
4639
400
926
7800
1558
1622
9679
6383
9552
8617
5997
4462
9983
844
1806
5677
81
606
736
741
7223
7296
8762
2116
9505
2226
7888
2689
8169
8364
9874
7465
7544
1272
4546
3112
7304
9581
9840
2643
9272
5413
8291
385
1397
2976
7350
3498
6763
5634
3021
3640
2696
1000
3651
5450
3513
168
8098
936
5316
4582
1933
4704
7953
9923
749
1599
4485
5487
3031
9563
7772
1343
4486
4141
9650
1162
2042
9340
4959
3933
2844
5908
9645
2911
1580
150
4215
3726
4234
9657
6127
824
2174
5870
684
8470
7652
7409
2271
9731
8935
3947
5440
5290
7641
8724
4586
1901
1868
9638
1359
8834
1776
573
5241
8168
9114
9499
79
439
3293
1576
2544
693
2423
3174
1359
9989
8330
8322
3098
4602
9622
8199
1993
1770
6896
6684
7536
8573
1473
3070
1681
4549
6222
6280
8273
8711
4351
1006
8757
5735
1518
2954
6729
9058
8573
8493
4540
3861
9540
4535
1372
8587
7862
2306
9401
9971
3456
2713
7785
16
6669
1766
9960
8553
8825
6136
5961
2465
7696
7475
6093
2210
6433
4914
2462
4386
1476
9511
521
6184
261
323
5670
7783
9645
7569
2502
4009
8524
8221
1704
1943
9236
7715
7271
9828
4517
481
6948
6234
3393
6830
8187
6444
4315
8612
8229
7290
7520
2776
5017
4947
3346
7835
2511
197
941
4456
9795
5536
6776
4318
7074
6440
8666
8056
5221
313
1959
7032
535
7525
6917
8178
1988
969
5055
532
7471
4654
7877
212
3856
4043
9694
5521
9273
679
9483
315
980
9452
5305
2303
4667
7815
8083
9083
5331
8572
7986
6704
1269
3735
8418
3796
8810
9181
5298
1751
5955
9969
8375
1726
6931
274
4589
9515
3145
9681
1612
7694
9405
5489
7282
6084
2310
2999
8867
4670
4966
3841
4746
2477
6947
387
8491
1944
163
5404
727
1792
4403
3719
2506
3851
2548
3549
8452
716
6403
6440
7906
8740
5587
3843
8392
3058
4328
1837
4862
2598
5507
5116
5124
7331
213
126
9059
4786
8258
4378
3922
6451
3780
9157
2353
1903
3881
3025
566
233
2426
6656
242
3042
2120
2214
5150
5148
5349
7452
7
2342
5293
7921
1923
4407
2623
5483
1184
2422
587
1179
5016
8453
5850
8943
6434
6285
8517
2656
3703
6757
7923
4732
2095
1548
7906
5950
5177
5478
1249
3801
8132
8180
9287
6932
6156
5419
2308
6991
7844
5799
2019
7043
3324
3833
9080
2712
8847
1371
924
7296
4300
7012
1425
512
4863
2038
4452
6767
1116
5333
9999
2231
8871
5650
9991
3577
7330
6582
2345
9405
7428
3850
2716
5623
19
4803
5235
5508
6414
4059
6258
4547
1897
7194
2457
3281
7429
5268
1746
3757
2043
7563
4115
7243
3173
7669
4945
1380
6490
1145
7185
8938
1252
451
3580
9609
4480
1047
494
1608
8065
322
8971
9871
9408
4652
1567
2963
5397
2665
6080
4861
2043
286
307
3017
8451
8721
71
8041
1127
2026
5330
2121
8952
1958
214
622
4391
3978
9967
4744
7501
5076
9931
2983
4552
4332
6567
6825
6274
1050
9202
9553
4511
1618
721
9955
3315
7754
7855
7964
269
8348
8173
5679
6276
3622
7245
7578
5869
1999
7543
9127
3766
5444
6583
8318
3986
6289
7620
8792
7969
1611
3197
1182
1867
105
2337
7536
3850
7267
3115
9761
6849
8547
1449
7216
9676
2121
8344
1026
3813
7914
8333
6874
3072
2888
6082
7738
5780
8892
3259
6963
9591
1440
8452
1465
1812
2681
7017
8114
8524
2994
9969
9613
8358
916
9320
7727
1540
1425
1992
1496
4868
2752
3731
8116
2319
8722
8896
942
5538
3107
3359
6575
1910
7436
5466
5444
6286
8997
6043
4205
9100
5177
4628
6898
4913
706
943
8576
464
3026
8626
2881
2493
9027
830
1034
6567
1079
2549
8126
7198
4233
341
7391
2963
4532
8933
6852
620
5298
6267
4966
1264
2332
3848
3925
9125
6561
4273
1240
2035
7618
1515
9826
1940
1370
9873
4703
9019
9978
4885
349
5743
1186
33
3016
4946
7356
2953
286
930
7379
3455
1681
8411
1073
1105
4155
678
9861
4227
8811
4787
3011
9941
1901
2750
6454
8882
1736
8737
193
9364
257
3622
5011
7110
989
7319
680
152
3780
3332
5660
7225
4081
1504
9354
8420
2758
1897
7859
4313
3788
7474
3515
5318
7336
8446
5965
1730
9273
8027
8446
7175
4285
7209
3039
4793
4675
5670
7772
4903
5500
1527
7713
7789
9451
3045
380
4019
5803
1537
1614
854
4112
3413
7307
417
3525
105
9554
7048
3412
5807
8534
3136
2389
6156
1466
4526
9710
435
3067
4907
8936
4447
71
1457
8914
7100
6155
1188
7055
6867
8666
9871
1834
2496
9866
2474
8858
1714
8249
3270
3760
2399
8893
1125
1965
65
9928
5449
8593
9617
986
3095
1406
1198
2080
758
8267
746
59
8362
1636
5858
4972
1016
8143
136
8091
9414
4969
6574
3270
4513
8703
4896
3622
8825
9417
4303
3550
6429
1600
1238
2589
862
5520
8907
4451
6051
4233
6035
2591
4057
959
5778
7927
4981
1970
495
6833
9943
8552
4672
7054
6252
805
1254
7719
7408
5789
3239
7935
8958
5840
7204
6616
4199
8548
551
6193
3498
4321
6204
2493
5749
8165
2840
6079
2681
6840
7338
1665
3123
1705
8396
6164
9116
7527
9413
1170
543
4637
5343
3391
6130
1573
7729
8366
7491
4749
6648
32
2768
8454
3223
215
9123
2121
951
7912
3320
4820
4700
8511
5453
6434
9095
876
8837
6521
7041
9148
4680
8557
3819
3043
715
7618
6223
5668
359
8302
8690
5139
1113
6093
4184
9345
4789
5454
4228
7447
4104
6011
8011
1279
137
390
8452
299
2426
4494
2654
5656
6913
2417
1918
3005
6621
4843
8515
9982
2984
6509
5480
8334
6216
9593
3621
6049
3617
7626
7794
1615
3547
2560
2074
4724
9403
9464
3415
1460
3344
8763
6416
9500
4925
2541
8268
788
270
6981
6065
8240
9864
8989
9598
982
2722
351
4529
1737
7770
8383
6806
9860
7253
7960
572
8835
8871
814
4053
9339
9243
8851
3259
2890
3695
4485
4170
9529
8176
5876
3501
5230
1261
9041
7448
2333
1178
2130
8159
4703
228
7075
3762
1051
6348
2886
7031
2912
513
6251
1442
5461
2222
6187
2034
9671
9710
6637
4555
466
1623
4059
2043
4011
362
63
5915
3162
5125
6231
8869
517
147
2473
5933
2486
4850
1727
6221
2239
4958
659
5648
4724
1790
7366
9691
6999
8267
9833
4563
5698
3081
6351
9007
524
707
474
2603
7726
8023
7490
4085
4911
3867
212
1880
8236
7819
1063
803
6211
3201
5370
8342
7966
3039
2937
7016
3118
5595
9966
5191
9309
7000
8659
8733
3525
413
3702
8091
8735
5492
5766
8389
1907
1
2506
2697
254
3852
3425
5581
818
3198
4676
6437
2887
4692
6103
222
1167
419
2014
1850
4071
3176
2284
4872
6826
4762
1271
9071
8752
95
968
6359
1587
3815
4654
9636
2610
233
8417
8880
3518
5865
5540
1187
4225
4386
6821
6801
6511
1269
1790
3889
8517
8142
6365
6118
7806
1008
1761
796
1893
2381
2619
2368
1364
1107
2884
9148
8491
3382
1005
8830
8012
7718
8560
3843
546
1805
3238
1941
1858
7719
5331
2303
4874
4654
1115
7753
9175
722
3000
9461
2098
1
9443
7124
7834
8664
1695
7029
1133
4534
2566
6651
3983
6569
363
9466
5805
8232
287
4494
4956
3836
6943
425
6555
4620
6618
8407
8759
2467
3648
1198
3324
2960
4309
3175
5641
570
3477
916
3068
9086
9122
9565
6861
8455
7257
11
5511
1256
2787
7152
8672
5433
3959
9969
7450
6475
6061
1810
7138
3914
6253
7356
1846
1534
2837
685
9764
2990
7625
5532
1997
1042
8677
5975
4312
7618
5726
155
2387
4001
1367
9951
5412
2368
6624
9118
9709
2352
9816
9167
2366
1432
9699
9090
2373
7614
1014
2170
7520
1014
6399
3457
2275
1125
6674
7709
8165
2192
8766
1453
4741
4102
5471
4207
6746
6406
4556
9730
6279
639
5968
1122
6173
8322
8534
9189
2491
1430
1885
5745
9393
7768
1355
9720
4786
124
6926
5346
7784
2116
1773
1941
689
7212
6478
9779
9143
1424
9297
1873
6269
5627
9801
1151
4565
6877
7226
6856
3758
9927
2317
40
8763
38
2737
6373
6079
8474
7948
4251
3204
8162
1568
8664
9676
246
8856
2897
2078
6465
8017
7615
7906
2425
4198
3146
6248
827
5763
3376
3825
3112
5883
1265
3985
9814
5797
9002
5069
2964
9233
1933
8911
5903
4025
6585
5256
922
6834
1771
4261
7373
6018
1185
8906
972
75
5959
9914
2578
8421
6960
7913
6763
6890
2770
4905
3291
3851
6062
2528
6030
7520
9626
1019
7261
1197
301
2475
6218
992
3591
5758
1528
9446
7450
9721
4249
6653
5657
4081
8117
2932
3196
7673
3924
3231
7821
8069
8489
1783
6482
9085
3116
8542
6279
8749
4994
2576
8615
153
5242
1189
4023
3646
9142
6803
2303
5268
180
7296
4742
1999
6713
2821
6441
7637
2777
254
1095
9082
3045
7229
5516
7894
8033
8639
9336
4712
5824
7606
4620
6821
8319
5894
2560
8281
6716
3499
3939
5885
5969
2487
2848
5481
2752
138
9514
5409
5164
3706
1636
7307
4257
4914
2512
5697
5442
86
9809
434
7453
5044
3102
8867
5069
8662
5782
1074
9068
7780
4411
3947
2355
135
6989
275
2495
552
7988
1202
1378
9799
1816
1358
8499
3256
7856
434
1458
2647
7798
8797
7612
860
884
5975
9528
2778
5645
9374
7052
6177
2890
2527
5967
307
4223
4817
139
1412
5481
8411
3022
8122
6823
9637
8158
9540
9970
9131
2198
9783
5003
5502
7250
7587
7999
6885
5203
2357
153
1906
4655
8438
964
543
3224
944
2107
3238
2439
9456
5440
8128
5653
1670
5557
1669
774
4650
7946
3170
9506
6490
6739
7321
3873
318
869
7170
8115
540
7294
2255
3801
2934
6126
6430
6931
4353
6981
935
4535
2577
8379
3749
6794
8785
4886
2722
6655
958
1403
1930
7450
9091
6484
9362
8895
8735
4682
3425
9771
4962
6767
1036
2062
7895
5403
2752
3604
1035
34
5208
3391
6508
3854
5871
5619
8556
4365
3679
4093
9653
5049
3128
6817
6662
5328
204
798
4860
8449
6087
4480
7868
6866
7036
9826
412
1776
7466
6062
8881
5795
349
7843
5555
4253
8225
3410
2733
6080
1506
1173
401
5177
9518
8619
3464
317
3084
1236
6823
3054
5830
3766
541
9962
3522
8746
6681
4256
5423
534
6872
5583
5914
7208
2988
5069
4719
3803
3800
2241
5901
1657
8695
8030
530
9246
2189
4989
2374
596
7542
1030
6708
3488
9674
4090
5987
4921
7314
5471
8163
7136
1572
6201
4034
4736
745
9826
9534
5700
2256
6150
6549
7471
8108
3629
2152
5436
8088
565
9758
274
4699
2028
8533
1587
9126
8679
2595
1602
4827
3730
3946
271
8935
9941
8154
9505
2448
5951
2657
5135
4666
3617
1021
4186
9410
9833
1618
90
3102
409
1927
643
6700
1908
9387
8531
8902
9893
3237
3931
7959
7052
5257
3480
7976
662
9734
5982
2211
1656
3068
7808
2665
9511
6107
2414
1903
1863
486
3307
7218
3117
5399
5721
1691
7395
1164
276
4110
4713
9407
9544
5468
50
2899
8543
1625
4946
2858
5675
4872
241
1139
7052
8274
5708
1553
8431
6069
3689
3319
6148
8889
7125
8256
26
4318
829
8875
2041
5729
981
9155
7563
4045
2647
5676
9160
9454
139
5049
6332
7426
8927
7611
7047
984
5108
4532
7058
6682
5014
2058
3145
2678
3125
775
5641
7431
6836
1100
950
6772
7134
38
2521
1118
8000
313
3478
3005
6534
8568
9702
2820
5110
23
7701
5744
6115
1928
1193
880
1999
593
9421
4206
6113
7567
6058
2476
7214
8804
5025
7546
4247
4571
439
20
6847
7084
6477
1207
6568
9803
6843
1444
5385
5723
7609
957
6829
1584
650
2109
9818
4082
7509
7732
1597
9550
241
2000
2319
3398
7388
7255
6822
5304
4168
5441
5659
28
2275
2882
1667
3734
1057
5653
9292
6924
7736
900
8758
7730
6952
8083
9899
225
5941
7389
4140
9190
3458
1783
1610
598
9404
7280
6830
7935
5616
3962
5669
282
4394
3922
1660
957
3771
3066
6643
6797
7765
5449
8481
1712
4599
8392
7221
5408
1312
1053
8308
5580
8337
4276
5171
2456
1988
6457
9202
5941
8051
1347
5715
1308
9606
7082
9943
8963
2637
1961
516
1266
3990
1647
1540
9615
3707
6943
8668
9989
8347
3399
2887
4675
6339
589
5327
9777
2073
7909
584
414
9877
7488
4201
8869
2444
5391
4855
2205
8123
837
3008
3727
9052
9626
6033
2483
5592
3099
5893
8435
4377
8767
8330
6529
7563
3909
1121
8244
2655
4233
7762
3294
8490
949
3914
8553
4224
4644
6002
7487
2185
9266
1949
4521
4990
4143
8573
5311
7843
5906
1123
8734
1952
506
3825
6872
6509
5120
6414
3046
1769
4360
7477
7576
71
7511
5978
5228
38
1278
6651
8013
2732
6436
6846
8739
830
8706
3469
6632
2334
3351
1130
1947
2082
5660
4064
4749
765
2434
9081
8969
460
6759
5910
4561
9583
6424
3006
2739
3777
7568
6613
1946
4758
2863
376
6081
7265
3302
1555
7122
5439
8366
9551
6557
7379
6008
7403
7204
9983
3343
3830
9123
3195
5386
7783
3613
3878
2557
5977
2017
8550
1263
9318
7740
925
7095
2638
8232
4810
3087
6852
433
7657
8923
9253
1208
2441
3635
8182
961
8039
5179
9770
887
1996
8323
3261
3424
6896
6251
3023
8363
5945
1599
8544
325
6916
6400
7300
9914
7278
4194
5572
3993
8960
2162
2929
5761
4805
9200
565
3863
7114
3274
5240
2250
3825
2697
3644
4845
3377
1764
997
7267
7037
7986
7464
1498
3535
2574
5231
9485
6033
9683
5655
7565
9912
6262
3862
6267
7758
7443
8300
9660
3194
1504
3621
5502
750
1454
4727
762
4669
2493
5295
5759
7783
1439
8290
4558
2770
5253
5299
6725
9559
4373
2304
2595
390
2701
3977
4618
2886
4450
5998
1730
2685
6785
3012
3897
3497
7366
1796
1177
1289
3019
6239
402
4266
8664
3282
2455
2226
3993
3602
5573
5571
1581
4997
3900
5020
1658
7469
7522
8002
1326
9041
29
5718
9473
4873
5791
3043
5126
4982
7103
9335
5216
6299
1761
5980
7009
3660
3703
4593
7982
5410
6080
1273
7102
2249
1215
2448
6993
6310
4744
7654
5054
6887
4275
3401
9732
1129
3506
339
4434
5312
2367
3661
8370
7511
9167
9902
2207
7172
1811
8197
4392
2695
5645
9679
2141
2447
1311
5093
6134
4985
3966
1573
211
6774
470
2715
8734
5767
6984
3931
3885
9368
8815
2190
7939
6214
6544
4375
7782
1678
1662
3393
715
7204
4989
8663
5501
1500
2671
7199
8589
8857
3035
7732
2596
6224
5307
8862
5827
4776
260
3952
2075
5440
7665
638
1161
4220
7464
5657
9961
6574
5630
9225
331
5357
8022
7974
4595
3845
2516
6082
2202
5418
8816
3206
3587
7018
1334
5400
7960
703
1915
4966
5170
7485
1434
1089
3878
2830
6924
2393
8029
8343
9477
7697
4893
9751
907
8847
3955
1212
7314
1794
8850
5649
9923
2352
9108
4200
4459
6283
1295
2720
4703
1392
5203
6931
9310
7324
5152
6927
9518
7354
2757
6655
4344
6541
4275
3301
9600
7111
9856
9222
4829
3508
5175
6242
5927
9270
9468
6542
8574
1101
7789
9552
3622
2867
1204
1334
7680
7649
2282
36
8805
7090
8518
7416
283
8658
6178
1756
250
2546
5022
9031
3176
5259
7358
3008
7728
4748
3662
3936
1698
593
5030
9666
8692
3938
1993
6298
5877
9078
7127
1344
482
7906
4419
4488
4114
2755
8830
9918
7116
787
6050
1395
7768
1114
9035
9615
2659
2085
95
8946
6412
9692
7263
4459
5227
1810
4501
8019
2609
7118
1085
1799
5819
4353
9937
2001
6128
7955
9564
6114
6058
6895
9840
8494
801
4295
3250
4803
6147
1045
4467
695
48
976
618
8574
6129
1255
2013
2613
8424
7853
5007
4062
9715
4849
3347
744
3690
552
7438
7658
4728
7946
9099
8171
4983
4774
392
5873
1764
6098
3133
5749
2817
7411
9533
5919
713
6629
9684
9716
3454
8343
481
7880
7246
4535
8174
9745
5700
7429
7274
1866
6443
5399
8743
4992
2510
9065
4623
4173
5130
78
1874
8494
165
9143
1018
4835
6503
1871
3631
4755
7542
6609
1463
138
385
550
5141
1104
8418
9743
2194
4422
7110
9195
4073
7360
41
8373
8060
4282
7018
382
2837
1224
8590
5122
7414
5998
272
9626
2706
3608
6598
4525
3748
1399
3071
6419
6861
1657
6616
8808
1228
579
430
8921
7141
4286
8109
5407
2628
3308
6791
6805
5946
4789
2993
7703
1462
5954
2039
3625
1264
3221
3088
6529
9262
4291
3756
2514
6009
9775
6217
6838
5418
9125
5205
1303
3006
799
6526
6842
4249
9287
5045
2984
3078
8826
7361
4906
5389
3397
2912
3841
3549
975
1001
1360
3592
6499
1836
8326
5422
1832
378
6108
7234
2831
1873
3815
2425
296
5984
7034
7296
640
2809
6651
349
5259
3460
6608
2318
1067
3056
2326
3662
4603
356
2318
9414
314
3316
1764
5328
23
703
7565
6598
7205
3845
6381
5369
2955
5654
211
9614
7563
70
6193
7634
556
1916
9195
6159
6743
6330
7099
9031
2603
2534
9615
1148
4909
2119
8368
1554
1743
1900
4351
220
1947
7126
2030
7203
5437
4277
9449
4277
9755
7216
3455
1738
3969
4958
2401
8402
685
5058
2261
3931
5220
7988
8535
9278
5039
1705
381
1816
326
9812
4630
5782
5302
278
6446
410
4066
5489
5760
9915
676
4859
1769
3145
1694
606
4597
8941
4178
1340
6152
158
7802
7344
8747
8608
8132
7615
9264
1095
9086
9117
5684
7546
8538
4427
1073
6147
8350
6510
5853
6130
5563
9276
7522
5473
5383
4864
8379
2723
4393
5917
2087
8693
129
5022
1309
1590
7681
5851
3597
7923
9564
7225
7455
5051
362
2665
7002
6753
1509
1200
1074
1008
7603
5414
3439
2169
5504
4551
7447
7847
5766
6280
7143
1220
3532
4356
4947
2884
5017
436
9479
4223
2948
2444
3561
3229
7946
4210
7694
105
4298
7290
7477
6424
5168
9037
9860
3187
7292
9896
6477
6671
7822
1265
3516
6286
5873
8868
3664
1694
9281
5723
3619
8768
9466
924
952
7379
2479
4076
2608
9263
179
2577
8137
5565
7335
8326
9492
7971
3441
2231
5809
6590
325
556
7929
5320
7954
8707
104
4521
6588
8966
8917
4313
834
1627
8799
5907
7548
3146
614
1254
4722
4345
1187
6373
331
2851
5700
3022
4657
2520
200
184
3117
6078
6323
5045
4965
9589
943
151
7519
2104
4496
5519
8912
1854
4258
2640
9477
5520
9585
9522
7437
3286
9973
2595
7809
3643
5208
1160
8977
5807
3205
4097
2349
874
9422
2586
5836
4189
1802
477
2733
4741
6473
6901
5655
6201
2886
302
5903
1683
5096
9848
8518
1468
3524
5354
2860
2639
1507
6324
2469
4607
5628
9164
4086
9188
5213
8730
7629
5105
9723
2735
682
1761
4116
7104
1853
8896
8621
4641
6173
4470
573
5468
4498
1150
3733
5984
9392
6757
922
5478
5985
2941
1489
7391
6206
5665
9733
3882
410
8499
3160
4866
8859
9425
3908
7667
4581
4983
2205
2413
1060
1677
2085
6609
2469
5073
2843
9368
9842
5936
2081
3347
3305
5533
1576
1117
5785
2228
8410
1229
4584
2840
6004
2168
8899
696
3598
3
1554
2993
6200
7190
5239
4301
947
7339
8611
2873
234
7606
230
9444
6283
9791
4385
5891
997
9034
5705
3137
4639
4488
5067
8452
9123
8966
758
3515
3334
8627
7849
9299
468
3744
5178
4937
12
7775
6240
857
5174
5134
3566
9685
6685
9885
3773
2258
2429
4394
5013
6780
7289
9214
2375
4858
2297
3457
3449
6540
5711
9896
2223
3009
3301
6479
4642
7349
6964
7249
6272
7911
9683
6868
6017
3576
6490
3938
9409
5151
658
5473
1054
7530
2604
1396
2448
9759
6362
8379
5791
545
8446
1590
5798
4302
7469
8327
5475
3493
8463
2836
6391
2997
5477
3212
5872
9408
680
9393
7536
5598
6474
4707
8202
8798
5035
8670
9737
4984
9403
7577
2653
4573
6902
7872
6835
7088
9233
8156
3167
5230
2240
7901
8985
5960
8449
2809
4465
4929
2024
9839
5424
2131
3608
6308
6605
1692
715
3407
4440
3126
7742
7568
6870
5861
1948
8874
5850
3081
8742
5122
4316
3619
44
5999
9545
7220
9802
3793
1655
9280
7121
495
4531
4834
4208
4441
6441
7577
1616
3019
7583
9408
4505
6754
8415
3708
9428
8361
591
2222
2318
6941
9550
7368
3126
335
189
9004
4852
71
4199
480
8469
9046
5263
4622
5479
3524
2341
3400
589
2951
260
440
399
7893
9115
7110
2258
3185
7717
739
735
3217
232
2513
3987
5744
2823
1829
2947
2592
2340
2309
2921
1879
278
6748
2143
1802
6002
5645
5207
535
4361
4692
5588
9020
9342
6215
4265
9061
8802
6491
444
4578
3470
3139
9719
4471
5548
6980
1403
6462
3747
4036
2656
9447
7629
9536
5486
5279
742
7868
3425
3422
9219
806
8381
1274
3773
6724
7342
970
5865
8443
5946
5109
2533
3201
9845
7176
3297
7066
2448
9398
1207
4943
6864
3385
1512
3822
4694
3847
7077
2266
2640
5233
9750
7490
8652
6261
1003
9999
7764
3395
9341
6807
1723
3164
2048
8576
354
1382
3464
7998
535
1564
4964
2652
666
1810
4603
9257
1949
5207
98
8602
7736
5651
3335
9502
6199
7343
3997
9647
6768
6004
2884
3923
724
4668
2260
1154
4802
3397
2134
8082
770
1204
8687
9887
4757
6374
2730
6038
3462
9217
9777
8800
5357
1513
9960
9788
304
6958
8982
3797
8278
371
6944
9331
9578
9385
9828
333
4440
2954
1775
3132
2311
2610
203
3146
8499
2904
5465
7961
2502
730
1302
9969
8930
3286
1917
3137
8701
9749
7882
3047
6554
4577
3782
4634
4128
5896
5924
3844
6361
3337
7638
2350
7465
6235
8573
8067
7513
3932
1883
3606
9183
6631
2806
5792
8972
7823
3244
8689
4097
3352
5550
5864
1807
8053
4778
5390
4282
619
1689
4220
5129
5045
97
6572
2924
5729
9448
3981
5546
6567
6838
4385
8727
5946
4885
2577
1566
9335
6008
8544
1041
7018
5125
8700
2090
769
240
4545
252
4472
166
7303
2427
1298
4867
9052
3189
1593
1488
9629
9067
2125
508
7885
3648
4040
1286
4744
109
4883
8916
1585
7647
4113
9956
9112
4094
649
5036
4663
2570
3697
8303
2747
5732
5317
7407
4128
9638
3639
9178
3606
6144
417
3875
3615
2656
9062
5037
6730
8061
7958
7494
7050
3072
7040
1886
5343
224
8178
4018
9126
1609
4684
4489
6556
3112
2962
4139
6558
3685
9120
1161
428
3452
5672
7597
395
3482
8822
2783
7034
6850
2117
2800
1421
6201
6987
6919
2565
3636
2863
6918
8336
8299
123
8040
1020
3402
5516
5257
4263
7460
9670
514
6867
4869
8869
1279
6149
1474
8046
4815
9628
63
2708
9960
7902
2909
5158
8324
9230
5901
6901
3036
2202
4230
4692
1391
3185
4399
6760
7886
3506
9273
8511
1480
255
2780
6429
6141
7457
5773
5233
4129
6565
9272
4054
7120
979
3472
4229
6040
3727
2768
2456
2695
4104
1181
5721
7074
5166
1834
7481
2718
3826
3207
3629
6255
7877
8152
1539
5371
3394
8541
5298
234
1591
9795
2975
4093
2606
5030
4124
7176
6555
7825
7083
2957
9118
980
3392
9157
8408
2721
4404
1934
9994
9715
1350
940
2104
6139
5484
589
3725
1784
8183
2926
6856
3490
8580
6019
9028
5139
9775
3879
6454
9795
66
5632
4799
4671
4027
5821
7218
6773
892
3184
2799
7647
3052
8018
141
5865
4443
4231
1254
6273
7826
815
492
7850
5817
1302
985
5660
4962
1225
7589
9627
9602
6853
2577
9427
7504
8286
2464
9501
4086
9576
4133
1873
1461
5174
6806
4808
6165
8861
7712
8060
8873
7123
9173
366
7873
3626
2785
8803
5561
3427
4202
6493
9951
2464
1574
2882
5058
8987
9142
5131
1925
188
3615
9499
899
7931
4761
7466
3053
7938
6513
5341
4687
4686
6153
3651
576
946
5584
9870
504
56
4572
1948
8620
501
3170
4274
7557
3400
4104
4852
3774
9279
3171
6403
5356
3221
7642
275
664
5276
1739
8312
392
7411
1435
2317
3884
3156
473
9312
515
3421
2428
6525
4334
9496
7051
7590
9580
4762
1307
428
8357
628
435
348
514
3945
7931
937
9785
541
2243
9377
5335
2710
3904
4127
9830
8483
4961
669
4430
1237
1328
1780
5976
2925
691
5170
8557
8788
866
6646
1645
9633
9172
890
8059
8235
2338
7630
8517
3451
7389
6349
5170
2268
8171
6558
7572
1394
3724
3241
3294
2340
4603
2068
9615
8664
7632
6026
7003
7642
3746
1031
7338
5112
8521
6818
8666
4173
962
9814
7936
2120
6956
9647
4300
6360
800
1406
2186
1814
7213
1577
7573
8767
1089
8130
8262
9869
8243
4610
6986
7553
9437
2386
257
7935
2904
9302
2547
1925
4911
8102
1405
8345
8230
3435
2409
1231
6659
6434
9740
2324
1962
9695
4856
5082
1846
4050
5250
4640
7523
7007
4174
6620
7385
4716
5846
5704
4403
7308
569
2263
6766
2066
2880
7986
3597
4277
5949
5428
57
4255
7756
3022
7797
2945
8779
8919
7119
7783
8454
9812
1731
2163
6811
5328
2346
6457
700
1560
9455
470
6578
7094
2194
5230
9807
6391
3446
4801
3708
2715
6005
9193
2081
6137
1219
2018
3027
2300
8063
598
9079
3534
166
6900
5093
9008
9842
3196
1223
5395
9776
5994
5697
854
7247
829
9595
6220
1460
1107
7338
1369
5451
2195
5485
3833
1224
2710
4802
9565
6827
9138
6696
7379
6737
8661
1952
5840
5559
4763
7645
7421
1242
1259
3018
252
3034
8276
6922
3957
6029
3424
2315
8161
5103
4674
5380
9282
9399
8657
541
6205
1397
5457
734
1829
9496
2986
6944
5861
2124
391
5343
4026
9840
6798
8145
5947
1606
519
9328
582
6067
5098
6563
1432
4870
2281
2331
120
1653
4536
281
6896
7859
1557
4573
4009
6190
6839
9657
8211
4293
9207
3427
5166
9095
9573
250
3271
167
6569
9856
4706
3643
8359
8694
737
6243
5726
3205
9758
5974
5757
7784
3611
6600
7314
1495
8787
4137
3137
7167
3036
5303
7837
7789
8636
3619
3798
9801
1365
7313
6687
8943
3391
2905
3946
8376
4640
6538
6931
6887
7306
8174
4982
9456
225
4041
2909
5955
4007
827
3706
9254
7990
5141
7806
4112
2106
5208
2995
3506
5945
5833
1100
3472
3535
8640
8455
8077
3194
5840
8716
5573
3583
17
1606
5363
1671
5609
4634
3171
1673
4137
1816
9426
325
3635
7485
5489
1210
5882
6082
4297
357
3889
6661
5768
3912
70
6371
8009
5986
9800
5230
7682
336
866
7936
1623
6880
3292
6157
5804
685
567
2062
3703
6284
3702
991
4452
6354
1580
3622
5218
4048
2768
1630
9882
9404
1693
752
5968
7453
678
7661
5411
8258
4423
6587
5966
8160
5382
5865
3425
3639
504
7120
8857
6095
4816
2584
5019
9092
9283
6340
2945
8235
2999
283
1467
8592
1946
5908
4023
6942
462
5293
4971
906
5202
8200
78
8828
1740
5075
5542
1530
2210
8338
4765
2611
1239
8955
6589
2757
195
9342
3578
76
3404
2815
8591
5560
9040
1425
1984
6041
6005
3729
9454
3770
8471
2156
1466
4567
5712
8798
2833
764
247
6712
805
9195
8575
9597
3116
9017
2703
8473
7809
2150
9458
6959
6009
5736
7317
3725
1248
7827
3406
8334
7218
6551
8988
6796
2101
6693
9817
3599
4627
8879
5339
2295
8134
2204
5082
4370
6972
2324
8701
6970
1194
9486
9981
8542
6861
3380
1595
6955
955
8095
2653
3079
2888
1525
5763
7083
2949
4555
6184
3546
146
5416
436
3042
3300
7177
5102
9021
4450
9354
6031
6132
9337
2855
6802
8225
6064
3920
2167
2480
1814
146
8807
8258
9303
1464
7649
2733
8909
6317
8195
7843
9506
9612
2789
3980
7732
6102
6159
611
4994
9983
4298
3467
8995
3254
4628
8124
8166
6175
1309
2302
9411
8975
6958
3600
3008
3523
2122
134
6944
6046
2157
6429
6711
525
9537
283
2216
968
5471
6424
6671
551
5858
6739
4090
2654
119
1091
3506
3079
9617
11
5319
7130
3865
7560
1642
4700
4882
4730
980
1890
8410
9148
659
1296
4717
7954
6310
8514
276
7247
781
7717
3002
896
7651
1347
8591
7865
6952
2154
2918
3897
4855
5384
2409
8220
8390
6774
3596
4493
9036
7037
8959
7478
2605
3001
8829
3958
3680
1272
6481
9677
1
8255
3848
4551
6899
746
7089
7010
7517
2862
2657
3134
9925
7901
7204
2385
1163
6468
1517
2916
8076
8932
8863
637
4327
3708
6308
1129
9675
8735
3018
4550
6607
4023
9006
2170
3308
8998
1440
5428
3509
8165
1318
589
1367
7627
6797
3466
9787
2395
9833
7681
3800
9515
5230
6150
5589
4300
23
8881
1996
4123
2772
5341
5050
995
4257
159
5827
8540
7104
4353
5731
3780
4153
2346
703
2536
7832
6604
6842
6272
1652
3322
2740
69
1728
7492
428
5855
971
2464
3718
1151
18
1751
151
4405
5764
8777
7181
111
6582
4174
6092
9071
3245
218
7059
4792
2169
2715
9357
6453
9314
2386
1060
2502
7050
1596
2719
2967
3105
604
236
47
9032
6903
5993
7010
477
7132
7100
8579
3317
4606
8163
90
456
9199
7958
2654
6901
2346
9672
2911
2390
7757
3900
770
783
2626
1523
1210
3504
3576
452
3567
5562
4323
5845
5358
6238
4700
3110
1709
9585
4758
7485
6969
6476
3327
8795
6126
4623
6703
9742
1826
901
9968
9536
1438
3107
4665
3820
7962
5771
3305
6336
500
4877
5693
9262
5517
1676
638
941
4384
8990
9370
8413
7232
6877
2829
6456
2765
9308
4011
1907
3506
2739
9181
7732
7902
1083
2438
7149
77
7829
2017
2278
7282
6452
2169
8201
3043
6747
1380
4391
8353
113
1293
2600
7795
1569
6973
5936
8862
5134
1173
9580
5331
1844
6762
6684
2117
7001
1885
2219
8437
1203
3046
9161
9804
8755
2700
7737
1716
1167
4148
9270
2147
3133
2036
8481
6661
2186
1859
8406
3622
4571
8863
7917
4377
4235
7049
4844
8103
8612
7009
953
4887
4681
3706
8092
3462
6079
2378
387
2740
8091
753
8688
4635
182
9363
6045
6012
3710
7555
7824
6007
3062
4749
2649
1415
3854
4000
1464
121
1533
8343
1803
1591
4874
3027
8181
7861
2890
2263
3019
1766
2980
703
1480
1452
561
1197
848
2282
9551
3697
8977
2696
7556
2869
7957
2835
8959
1810
2020
2750
3546
4035
3207
1689
4812
5332
183
1516
1051
2886
5732
7456
2174
8386
209
9658
624
4823
8717
5749
865
2802
3949
3291
5159
4761
2500
9343
9283
404
2356
8346
9182
6200
5118
1569
4961
3137
9606
5807
899
2060
498
6788
3949
7790
8545
9737
2058
8613
2408
751
154
8265
3799
4756
3878
1229
5435
8945
1037
4776
9468
5458
5373
843
2471
1730
2158
1311
3110
5411
5208
700
6362
1095
5764
9288
1979
5951
352
8234
7190
957
2860
3722
4069
6887
5362
5047
7885
5883
5379
3924
4657
4617
923
9392
3059
82
9206
6080
4235
3259
7133
4971
8048
4254
3865
8674
627
3901
8968
1739
7435
7027
4076
9929
4554
521
7856
4281
7919
6434
6487
3498
3445
9684
2573
2858
7225
9363
4271
4362
3369
6572
9014
1853
4647
1595
8126
3682
6188
9289
9109
9131
6730
2021
9598
6522
1146
9486
3861
2791
164
7146
2286
4400
8557
5622
2182
7614
4795
651
7163
7935
9875
249
4359
8198
1027
6515
3031
1803
1116
1990
1531
3520
1575
5559
326
8593
3705
5416
4340
7959
6225
2631
3835
3465
4382
884
7675
8383
4765
1804
4607
4293
9151
7558
7157
3337
3658
4970
2010
2881
2758
1321
1262
4043
7912
3149
3719
35
6939
7134
8722
6266
554
4861
2772
6185
4490
8113
5230
6499
5764
6587
3343
6927
6560
6424
467
5994
4685
1316
4249
3016
4302
4869
8947
3091
4750
8603
2247
9810
4612
1937
2130
711
9953
6608
251
6245
3222
3105
8757
1595
6547
7917
8431
4050
3595
3955
1654
3935
7731
3924
4874
533
9752
3919
8621
3530
2400
804
648
1348
5816
1591
8536
2544
8413
1796
7461
4383
6807
5609
2499
4238
1055
708
9522
400
7138
5625
6896
9674
3693
1200
4895
7722
3944
9738
2240
1045
6975
6398
5726
3100
2683
1044
1144
2954
9344
8236
3174
3005
9487
3916
7277
1854
6076
4389
1389
5727
8250
8112
3975
688
3810
3723
4524
1133
1058
7274
5105
4728
9506
1163
367
2222
8529
4538
4103
2601
1262
9038
8274
3890
6356
3182
2566
64
4413
2308
6068
817
5127
9612
2702
3108
4483
9496
5319
3041
9114
1732
739
1014
4026
1088
77
7535
6367
3648
1447
9456
2637
2748
7324
1650
5784
116
450
7576
662
4452
6427
5740
861
1920
5386
9787
1127
2620
6626
2282
5796
1483
442
7508
8382
4834
1053
193
5143
807
4671
6260
302
1355
2649
1105
3153
6930
8933
7161
733
7883
8773
9155
6320
2704
5758
5497
1199
604
7218
44
8244
3859
4875
9461
496
2243
7123
8234
5534
1125
5760
2504
7863
8784
2621
4995
8642
2602
7252
200
2083
476
2296
2666
2420
5073
3598
5681
7074
4970
8523
428
3358
6465
1256
3310
2756
8840
4563
2348
632
8878
8736
3586
5900
2653
3404
205
7262
7875
3250
2024
1358
8042
5654
838
3870
2742
2158
3160
3506
5099
4801
4076
4902
3129
4487
979
4575
6245
4848
4717
3481
6741
4898
579
2976
5719
8554
8785
7547
8494
9923
7054
978
4506
2292
585
8656
5204
467
8386
7763
1715
5863
3058
3696
6317
5644
1368
6708
8702
2704
1776
1398
2414
4810
9074
4936
1394
2074
9381
9644
433
3211
4734
6642
7345
8309
1897
8063
4846
4784
6834
3418
5494
1330
577
5553
2308
745
1664
8344
1878
7365
7338
7953
6221
5756
9697
6759
8130
2977
6156
7604
4176
7199
7147
3923
3505
8239
5097
4320
1496
5881
4413
1259
3432
1894
45
6891
3759
8788
303
415
8595
6436
7757
9984
696
1341
8389
8114
9642
2355
7178
2025
4621
2194
5546
1176
3983
548
381
6885
3255
7234
1767
7641
7628
5767
5466
803
580
9920
8939
6268
2360
3088
8399
2261
7360
3040
1201
5244
3056
4660
7603
6750
1950
4936
447
9654
895
7401
7545
9204
7582
2688
1315
776
3592
7673
7532
9853
5367
306
9702
2212
5128
9375
4034
8005
1035
4714
3435
1834
3015
5271
3259
5111
3511
3446
6046
9121
1317
7922
2449
319
3265
9622
358
814
3791
3839
8199
1214
7130
5245
1349
8122
7337
7475
412
1781
6876
3661
5876
6335
9938
1201
8087
6584
3963
8463
7258
